epoch,loss
1,5.6347679467871785
2,4.509481506422162
3,1.2849879311397672
4,1.3258635327219963
5,0.4839186166645959
6,0.28945442964322865
7,0.1659762158524245
8,0.13441188889555633
9,0.10918260226026177
10,0.09684170444961637
11,0.09469107969198376
12,0.09508613799698651
13,0.09823632310144603
14,0.09451657813042402
15,0.09482911345548928
16,0.09653058170806617
17,0.09105902421288192
18,0.09539741394110024
19,0.09487892128527164
20,0.09302950743585825
21,0.0965387097094208
22,0.09340800251811743
23,0.09224437619559467
24,0.09105694410391152
25,0.08956518827471882
26,0.10173144494183362
27,0.09469143114984035
28,0.1028673097025603
29,0.0919701880775392
30,0.09707563323900104
31,0.09508109325543046
32,0.10535141744185239
33,0.10726746637374163
34,0.09897007676772773
35,0.09217667649500072
36,0.09304448147304356
37,0.09656832879409194
38,0.10334775224328041
39,0.10995667026145384
40,0.09404386254027486
41,0.09362383768893778
42,0.09012144850566983
43,0.08957932924386114
44,0.09329165262170136
45,0.08949157525785267
46,0.09084018995054066
47,0.08843782939948142
48,0.09104445646516979
49,0.08791269513312727
50,0.08743029797915369
51,0.08823985792696476
52,0.08836616552434862
53,0.09276829147711396
54,0.09658923209644854
55,0.08757530944421887
56,0.08806498977355659
57,0.09123885515145957
58,0.08862400846555829
59,0.0904235236812383
60,0.0906418296508491
61,0.08954865159466863
62,0.09169815666973591
63,0.08755492581985891
64,0.08754573296755552
65,0.09103784244507551
66,0.08851147955283523
67,0.08837340422905982
68,0.10709013778250664
69,0.11128339893184602
70,0.1006004735827446
71,0.09719980717636645
72,0.08955905260518193
73,0.08830996858887374
74,0.09236295870505273
75,0.0875301652122289
76,0.08852152328472584
77,0.09192354278638959
78,0.09140486584510654
79,0.09359584772028029
80,0.09637981979176402
81,0.10082741035148501
82,0.09284111578017473
83,0.08623835281468928
84,0.0908005319070071
85,0.09220805973745883
86,0.09672035847324878
87,0.08939127740450203
88,0.10146204475313425
89,0.0933884436963126
90,0.09264541580341756
91,0.0880265193991363
92,0.08843331388197839
93,0.08890839805826545
94,0.08796680893283337
95,0.09906586981378496
96,0.08852007472887635
97,0.09079237713012844
98,0.09224549395730719
99,0.09115975419990718
100,0.0911728129722178
101,0.09366982337087393
102,0.09387434693053365
103,0.0886845369823277
104,0.0866114932578057
105,0.08770547504536808
106,0.08752083557192236
107,0.08652354567311704
108,0.088174071861431
109,0.09549200860783458
110,0.08443296537734568
111,0.0948745475616306
112,0.09342650370672345
113,0.09100027335807681
114,0.08689128328114748
115,0.0950619364157319
116,0.09935001074336469
117,0.08993851905688643
118,0.09957099799066782
119,0.1051137843169272
120,0.09032188460696489
121,0.0895247005391866
122,0.08682009996846318
123,0.10164638631977141
124,0.09004158992320299
125,0.0897683217190206
126,0.08483592420816422
127,0.08613493479788303
128,0.08823272190056741
129,0.08781481604091823
130,0.08583829482086003
131,0.09356325655244291
132,0.09390536067076027
133,0.0912207062356174
134,0.08369446638971567
135,0.09235034545417875
136,0.08673644135706127
137,0.08846416347660124
138,0.0877591809257865
139,0.08727008104324341
140,0.0884357935283333
141,0.09010127326473594
142,0.08963011449668556
143,0.09077480039559305
144,0.09001052437815815
145,0.08216245681978762
146,0.08458776632323861
147,0.08726486703380942
148,0.09873850084841251
149,0.08937850489746779
150,0.09054680331610143
151,0.08623583032749593
152,0.08493344718590379
153,0.08439405541867018
154,0.08418554812669754
155,0.08834393857978284
156,0.08730237535201013
157,0.0957263691816479
158,0.08899080101400614
159,0.09199155139504
160,0.08849947713315487
161,0.08890759525820613
162,0.08415295172017068
163,0.09415403823368251
164,0.09382674447260797
165,0.08865042100660503
166,0.10021568555384874
167,0.093053167918697
168,0.08363727817777544
169,0.09382492408622056
170,0.09294205345213413
171,0.0923193582566455
172,0.09315998503006995
173,0.08828753640409559
174,0.08540286379866302
175,0.08077965839765966
176,0.08203823980875313
177,0.08157024043612182
178,0.08194832550361753
179,0.0894905470777303
180,0.08699510875158012
181,0.08620366977993399
182,0.08135703508742154
183,0.08747785328887403
184,0.093006678216625
185,0.08821218879893422
186,0.08298280707094818
187,0.08296604943461716
188,0.08935978123918176
189,0.08779476303607225
190,0.09185679745860398
191,0.08808999974280596
192,0.08608611673116684
193,0.08504373981850222
194,0.08254351175855845
195,0.09236925560981035
196,0.10129406221676618
197,0.1011927304789424
198,0.09214209276251495
199,0.09918231365736574
200,0.2717605058569461
201,0.3815258090617135
202,0.18643888912629336
203,0.13645064900629222
204,0.12396915396675467
205,0.08905388414859772
206,0.09395555127412081
207,0.08874232112430036
208,0.08571014530025423
209,0.08300709980539978
210,0.08172189811011776
211,0.08510011155158281
212,0.08888105791993439
213,0.08097254915628582
214,0.08437618263997138
215,0.08523835125379264
216,0.09257517207879573
217,0.0784999025054276
218,0.08111735305283219
219,0.08002333180047572
220,0.07903208304196596
221,0.07671155652496964
222,0.08191939117386937
223,0.08067610440775752
224,0.08730166498571634
225,0.07828085531946272
226,0.08379858057014644
227,0.10403254139237106
228,0.08463794784620404
229,0.09125789249083027
230,0.08690010360442102
231,0.08512372663244605
232,0.08669361053034663
233,0.09086556313559413
234,0.08989815565291792
235,0.08963788370601833
236,0.09433026192709804
237,0.09667410369729623
238,0.09780321689322591
239,0.1010657693259418
240,0.09546021046116948
241,0.08095888583920896
242,0.0879437931580469
243,0.10202238755300641
244,0.09270398190710694
245,0.09164734033402056
246,0.10394526971504092
247,0.10767374653369188
248,0.10355901124421507
249,0.11677490931469947
250,0.10526715544983745
251,0.09850443084724247
252,0.0989045494934544
253,0.09169924282468855
254,0.08316106116399169
255,0.09169392590411007
256,0.09558183193439618
257,0.09375998307950795
258,0.09740390651859343
259,0.08333872689399868
260,0.08344487100839615
261,0.09004971908871084
262,0.09048680966952816
263,0.08905974170193076
264,0.08389280526898801
265,0.07958525163121521
266,0.08476178685668856
267,0.0868129146983847
268,0.08733691251836717
269,0.09056765888817608
270,0.1064773096004501
271,0.0896796059096232
272,0.08572528848890215
273,0.0900937169790268
274,0.10820475756190717
275,0.12863542517879978
276,0.16947157541289926
277,0.21277612989069894
278,0.790413778508082
279,0.1883475452195853
280,0.10588693921454251
281,0.09853943146299571
282,0.1104838375467807
283,0.09260115097276866
284,0.08718495932407677
285,0.08971548173576593
286,0.09029973758151755
287,0.10903042647987604
288,0.13299126643687487
289,0.10707581276074052
290,0.10770185280125588
291,0.09158539806958288
292,0.09615128091536462
293,0.08578693051822484
294,0.080197419738397
295,0.09633628255687654
296,0.08155598910525441
297,0.0798541062977165
298,0.07948564330581576
299,0.07957725273445249
300,0.0809426517225802
301,0.08156038168817759
302,0.07935002201702446
303,0.08254388812929392
304,0.07899161707609892
305,0.07759302295744419
306,0.07995313528226689
307,0.07903398422058672
308,0.0760014895349741
309,0.09071910032071173
310,0.09281445643864572
311,0.09382204245775938
312,0.10545575828291476
313,0.08153529791161418
314,0.08143883489537984
315,0.08554063690826297
316,0.08219866431318223
317,0.09045975597109646
318,0.08706721221096814
319,0.08782430633436888
320,0.08263610885478556
321,0.07530200178734958
322,0.08422159496694803
323,0.0812097261659801
324,0.08597238478250802
325,0.09505757910665125
326,0.11042713571805507
327,0.09448936744593084
328,0.08243101928383112
329,0.08479069883469492
330,0.0785187694709748
331,0.07640802767127752
332,0.0914689083583653
333,0.10555792436935008
334,0.07458285463508219
335,0.08969258365686983
336,0.08543518418446183
337,0.09421294997446239
338,0.08074686815962195
339,0.08082635595928878
340,0.11296954867430031
341,0.9627972133457661
342,0.9505407335236669
343,0.6641525849699974
344,0.3852479290217161
345,0.15839061327278614
346,0.11137276643421501
347,0.09733848413452506
348,0.09982056636363268
349,0.09784174349624664
350,0.09555598767474294
351,0.10482137184590101
352,0.09913843194954097
353,0.0977462490554899
354,0.09887188905850053
355,0.10044824588112533
356,0.10471315681934357
357,0.10468909074552357
358,0.09453086275607347
359,0.09435334848240018
360,0.10473973536863923
361,0.09681538143195212
362,0.09102510660886765
363,0.1019893588963896
364,0.08835253992583603
365,0.08835647697560489
366,0.08766535087488592
367,0.0912854177877307
368,0.09282818203791976
369,0.08703632839024067
370,0.09962218324653804
371,0.1084510317305103
372,0.09855647175572813
373,0.13024386763572693
374,0.12109964084811509
375,0.09286147519014776
376,0.09099897439591587
377,0.08491479977965355
378,0.08531799353659153
379,0.08721058606170118
380,0.09282500110566616
381,0.08662669523619115
382,0.10601486591622233
383,0.10540253948420286
384,0.09957060019951314
385,0.09353065607137978
386,0.10256262274924666
387,0.09536498296074569
388,0.09515795856714249
389,0.08548696362413466
390,0.08240597532130778
391,0.09091846505180001
392,0.08493854443076998
393,0.08639787824358791
394,0.08608187281060964
395,0.08929205522872508
396,0.08481138898059726
397,0.0805646744556725
398,0.08662629663012922
399,0.08146344567649066
400,0.08544537425041199
401,0.082978755235672
402,0.08590635214932263
403,0.10744431579951197
404,0.1007617978611961
405,0.10554476536344737
406,1.020763057982549
407,0.5513368842657655
408,0.14062792039476335
409,0.11620712897274643
410,0.16212566988542676
411,0.10330992611125112
412,0.09415250713936985
413,0.09152027033269405
414,0.08317940635606647
415,0.0935397045686841
416,0.08726510836277157
417,0.08524828124791384
418,0.08526211278513074
419,0.08163468772545457
420,0.08115430478937924
421,0.08281694748438895
422,0.08418916189111769
423,0.0910144520457834
424,0.08240492542972788
425,0.08152374543715268
426,0.08783253841102123
427,0.0826235533459112
428,0.08343132282607257
429,0.08314262051135302
430,0.08225418836809695
431,0.08245238324161619
432,0.08909934014081955
433,0.08519377396441996
434,0.08202736964449286
435,0.07887919596396387
436,0.08252042380627245
437,0.08610942144878209
438,0.08161645871587098
439,0.09073318168520927
440,0.08551531366538256
441,0.08366505918093026
442,0.08196018531452864
443,0.08085022529121488
444,0.07463813910726458
445,0.08228383318055421
446,0.09064612723886967
447,0.08269794541411102
448,0.081443200702779
449,0.08673233981244266
450,0.08689974329899997
451,0.09418108954560012
452,0.0861990200355649
453,0.08884862624108791
454,0.09299067471874878
455,0.08856436749920249
456,0.08216209907550365
457,0.12672438868321478
458,0.11014015460386872
459,0.0986817580414936
460,0.08871190762147307
461,0.08981150365434587
462,0.08403299655765295
463,0.08246863167732954
464,0.08249535574577749
465,0.08659178309608251
466,0.08393629296915606
467,0.08321790304034948
468,0.08051268907729536
469,0.07873051590286195
470,0.0824032777454704
471,0.0788980363868177
472,0.07864139054436237
473,0.07959535112604499
474,0.07686722569633275
475,0.08589501614915207
476,0.08703424967825413
477,0.08575048157945275
478,0.09022516338154674
479,0.08732690429314971
480,0.07915375579614192
481,0.07901925290934741
482,0.0866840798407793
483,0.10381470015272498
484,0.13086190074682236
485,0.5859230607748032
486,0.4943066597916186
487,1.2655444936826825
488,0.7696925792843103
489,0.19063673564232886
490,0.19416066771373153
491,0.12125623761676252
492,0.12138625816442072
493,0.09260508883744478
494,0.08741068409290165
495,0.08563645998947322
496,0.08945100312121212
497,0.09389179211575538
498,0.08810003264807165
499,0.08428203931543976
500,0.08063485496677458
501,0.08081348589621484
502,0.08551298920065165
503,0.08312770898919553
504,0.08625186374410987
505,0.08978047966957092
506,0.09427928214427084
507,0.09121587220579386
508,0.08369835652410984
509,0.08055847743526101
510,0.08213661529589444
511,0.08333372278138995
512,0.07800893275998533
513,0.08775434456765652
514,0.08121673064306378
515,0.09000508510507643
516,0.08114055241458118
517,0.08288721507415175
518,0.07993654941674322
519,0.08083861786872149
520,0.0802826639264822
521,0.08549846638925374
522,0.08659177494700998
523,0.08596892142668366
524,0.08956664381548762
525,0.0794108904665336
526,0.08533760462887585
527,0.08561146957799792
528,0.08067492092959583
529,0.0861087494995445
530,0.08632015553303063
531,0.08016137662343681
532,0.07903166487812996
533,0.08418942778371274
534,0.08239544602110982
535,0.08407952298875898
536,0.08087545295711607
537,0.08109407499432564
538,0.08733251760713756
539,0.0909664822393097
540,0.08354197070002556
541,0.09416598151437938
542,0.09011811390519142
543,0.08647475275211036
544,0.07828246941789985
545,0.0811013471102342
546,0.08158542145974934
547,0.08012325898744166
548,0.08174845715984702
549,0.08075532293878496
550,0.08043192006880417
551,0.07877334009390324
552,0.08053244324401021
553,0.08005039161071181
554,0.07582257001195103
555,0.07846414251253009
556,0.08159306715242565
557,0.08221946191042662
558,0.07970240584108979
559,0.07860028836876154
560,0.08068483811803162
561,0.07803392363712192
562,0.07880827155895531
563,0.08439405832905322
564,0.08396376948803663
565,0.08349517500028014
566,0.08460589614696801
567,0.08384174667298794
568,0.09060592949390411
569,0.089336744742468
570,0.08189007919281721
571,0.1069052207749337
572,0.0969691053032875
573,0.08591218991205096
574,0.08149525709450245
575,0.0787838293472305
576,0.08425381779670715
577,0.0788049423135817
578,0.08833659207448363
579,0.0877939946949482
580,0.08801588555797935
581,0.08307183196302503
582,0.07961027196142823
583,0.08494823984801769
584,0.08558719698339701
585,0.0787497921846807
586,0.07874861964955926
587,0.07932632765732706
588,0.08233496779575944
589,0.0853121685795486
590,0.08147800795268267
591,0.0771917219972238
592,0.0843295935774222
593,0.08246220392175019
594,0.0837180808885023
595,0.08945450256578624
596,0.08430039416998625
597,0.08512826403602958
598,0.08546318812295794
599,0.09669390576891601
600,0.09385531092993915
601,0.09362047864124179
602,0.09083415381610394
603,0.08972178271505982
604,0.08432197850197554
605,0.08418958936817944
606,0.09601011080667377
607,0.10768554708920419
608,0.09601985418703407
609,0.0888236362952739
610,0.08362683583982289
611,0.09231126599479467
612,0.08414823794737458
613,0.07863668375648558
614,0.09042192006018013
615,0.08306516869924963
616,0.08622637635562569
617,0.0863409184385091
618,0.08097464754246175
619,0.07522306905593723
620,0.07843239954672754
621,0.08524704643059522
622,0.08418558817356825
623,0.08127510733902454
624,0.07993057928979397
625,0.08179413061589003
626,0.08287214720621705
627,0.09557299967855215
628,0.09606889891438186
629,0.09226043871603906
630,0.0957503963727504
631,0.11389602941926569
632,0.1283530762884766
633,0.08905774657614529
634,0.1050980999134481
635,0.19166111224330962
636,0.16844813810894266
637,0.10485592496115714
638,0.0904508896637708
639,0.10312386229634285
640,0.10180552722886205
641,0.10752920457161963
642,0.09066351864021271
643,0.09505103109404445
644,0.13088676356710494
645,0.6878869822248816
646,0.46689902641810477
647,0.3732252027839422
648,0.15641053137369454
649,0.10640813503414392
650,0.10529698524624109
651,0.14261552412062883
652,0.10985944652929902
653,0.09399111731909215
654,0.09637507266597822
655,0.09594841138459742
656,0.08535389916505665
657,0.08325104182586074
658,0.08344915881752968
659,0.08481826260685921
660,0.08746548590715975
661,0.08391802047844976
662,0.0839150162646547
663,0.08446843177080154
664,0.08343184122350067
665,0.0858033592812717
666,0.086938256630674
667,0.08657153102103621
668,0.08252733794506639
669,0.08045409631449729
670,0.08439858630299568
671,0.08490177313797176
672,0.09883951814845204
673,0.1121772883925587
674,0.09870637813583016
675,0.08359081868547946
676,0.07909528340678662
677,0.09077554801478982
678,0.08381817117333412
679,0.08218994829803705
680,0.07819782616570592
681,0.07937074697110802
682,0.08056066941935569
683,0.08186034171376377
684,0.09152830915991217
685,0.09885981632396579
686,0.08525893522892147
687,0.09817740926519036
688,0.09192765457555652
689,0.09186053276062012
690,0.08916183124529198
691,0.08360488334437832
692,0.0817863749107346
693,0.08061932225245982
694,0.08738149178680032
695,0.07970499456860125
696,0.07819487189408392
697,0.09175862139090896
698,0.08043654402717948
699,0.08329324563965201
700,0.07747339503839612
701,0.07915842055808753
702,0.090921736555174
703,0.09049375704489648
704,0.08733837981708348
705,0.08206281962338835
706,0.08737968793138862
707,0.09158616536296904
708,0.10386211681179702
709,0.08756823756266385
710,0.0813781819306314
711,0.07947105134371668
712,0.08433334669098258
713,0.07921715150587261
714,0.08230225113220513
715,0.08444771403446794
716,0.08692400256404653
717,0.08384947397280484
718,0.09316439973190427
719,0.09866707946639508
720,0.10832292074337602
721,0.10902288241777569
722,0.08811293926555663
723,0.09216286218725145
724,0.10618016275111586
725,0.0877552549354732
726,0.08655099105089903
727,0.09680046862922609
728,0.11868207476800308
729,0.10006370791234076
730,0.10350532620213926
731,0.09534232475562021
732,0.10266355518251657
733,0.09211845835670829
734,0.11037219315767288
735,0.10624538431875408
736,0.08544845250435174
737,0.081252048490569
738,0.08463153475895524
739,0.08357400773093104
740,0.09467822499573231
741,0.11301609460497275
742,0.0930717425653711
743,0.08665153291076422
744,0.0819978027138859
745,0.08793796272948384
746,0.08872735244221985
747,0.11925866361707449
748,0.1398707099724561
749,0.09799359878525138
750,0.09299656993243843
751,0.08745134063065052
752,0.1138448880519718
753,0.10353391454555094
754,0.09287855925504118
755,0.09278625785373151
756,0.08864623482804745
757,0.08610275806859136
758,0.08549355284776539
759,0.08848049095831811
760,0.08436035155318677
761,0.08023196319118142
762,0.08321901131421328
763,0.0954025128739886
764,0.09964056487660855
765,0.09019179898314178
766,0.0861853095702827
767,0.0818042904138565
768,0.07899767009075731
769,0.0819977845530957
770,0.08275328250601888
771,0.08262499875854701
772,0.07984860916621983
773,0.0880059627816081
774,0.10988810332491994
775,0.09599271998740733
776,0.0900084642926231
777,0.0839912430383265
778,0.08862010599114001
779,0.07601014687679708
780,0.0798792066052556
781,0.07655694149434566
782,0.07855795498471707
783,0.08324304595589638
784,0.0870669623836875
785,0.08371828799135983
786,0.08866700413636863
787,0.07780167646706104
788,0.08894216537009925
789,0.1413499014743138
790,0.22365425911266357
791,2.909273308701813
792,5.406950511038303
793,1.7298723496496677
794,0.4274683971889317
795,0.14593863440677524
796,0.10949869896285236
797,0.2509669528808445
798,0.22309698397293687
799,0.09653482679277658
800,0.09333906206302345
801,0.18501011148327962
802,0.11581266135908663
803,0.10108548839343712
804,0.11244923516642302
805,0.08329156343825161
806,0.09262973186559975
807,0.10949036129750311
808,0.0988519515376538
809,0.09102137223817408
810,0.08811919344589114
811,0.09137934749014676
812,0.08659126580459997
813,0.08239519223570824
814,0.08193957828916609
815,0.08140254556201398
816,0.08749332767911255
817,0.08799119479954243
818,0.08484864782076329
819,0.0846737886313349
820,0.10247857554350048
821,0.08198830776382238
822,0.08797654393129051
823,0.0813939111540094
824,0.08026217576116323
825,0.08431775867938995
826,0.08838714892044663
827,0.08245280850678682
828,0.08773449971340597
829,0.0873589450493455
830,0.07984908181242645
831,0.08077134925406426
832,0.08392099617049098
833,0.08699068881105632
834,0.08917885413393378
835,0.0830021898727864
836,0.08139450708404183
837,0.07947463286109269
838,0.08306102303322405
839,0.08043641364201903
840,0.07960217026993632
841,0.08300576184410602
842,0.09074190550018102
843,0.07777009054552764
844,0.08102533780038357
845,0.0794274004874751
846,0.08267215290106833
847,0.08580888039432466
848,0.09070089145097882
849,0.08061128586996347
850,0.08454421779606491
851,0.09433956164866686
852,0.10281687090173364
853,0.085891725262627
854,0.0809967836830765
855,0.09325881267432123
856,0.08103473694063723
857,0.0805401400430128
858,0.07727024029009044
859,0.07911114662420005
860,0.07583656965289265
861,0.0787017298862338
862,0.07980666623916477
863,0.07502758002374321
864,0.0872816233895719
865,0.07590956497006118
866,0.09092212573159486
867,0.08496135147288442
868,0.08052716637030244
869,0.07772681431379169
870,0.08044006861746311
871,0.0796959490980953
872,0.07689138979185373
873,0.07955159922130406
874,0.0747658412437886
875,0.08189046289771795
876,0.07953332806937397
877,0.07644974603317678
878,0.08511967019876465
879,0.08769987639971077
880,0.07951289275661111
881,0.07984381588175893
882,0.07814858946949244
883,0.07484602043405175
884,0.07789166399743408
885,0.08700237260200083
886,0.07884988794103265
887,0.08736964594572783
888,0.0861785055603832
889,0.07754195132292807
890,0.07718641241081059
891,0.08025398326572031
892,0.10049923765473068
893,0.08729039062745869
894,0.08422999398317188
895,0.07693289732560515
896,0.07734951190650463
897,0.0787457178812474
898,0.08237171010114253
899,0.08508899819571525
900,0.0799347962019965
901,0.07847916218452156
902,0.07920607924461365
903,0.08744612243026495
904,0.10554539156146348
905,0.12183536763768643
906,0.12252526776865125
907,0.09106360911391675
908,0.09010752278845757
909,0.08503822912462056
910,0.08047703630290926
911,0.07899712852668017
912,0.07817714847624302
913,0.07801064918749034
914,0.07776752719655633
915,0.08189628133550286
916,0.07962495763786137
917,0.07637927657924592
918,0.08310927648562938
919,0.08510479866527021
920,0.08966686844360083
921,0.08197142370045185
922,0.08263146982062608
923,0.0763360356213525
924,0.07693316088989377
925,0.09421208873391151
926,0.08847657893784344
927,0.08897408423945308
928,0.08787568274419755
929,0.0766006869962439
930,0.07985920063219965
931,0.08528383926022798
932,0.08972680266015232
933,0.10675051435828209
934,0.09476022480521351
935,0.08414750802330673
936,0.08323414146434516
937,0.07878320827148855
938,0.08085513580590487
939,0.0855386967305094
940,0.08879818860441446
941,0.08916865079663694
942,0.08031841285992414
943,0.08527820557355881
944,0.08008342114044353
945,0.08530405210331082
946,0.0769224336836487
947,0.08824940212070942
948,0.08620670414529741
949,0.09060466347727925
950,0.08476630668155849
951,0.09961104375543073
952,0.1114416946657002
953,0.09857058338820934
954,0.09187962301075459
955,0.08415774058084935
956,0.08557389106135815
957,0.07801492197904736
958,0.08412036497611552
959,0.08362381416372955
960,0.08155705989338458
961,0.07937727076932788
962,0.0981183962430805
963,0.0976736155571416
964,0.08929602103307843
965,0.08016680693253875
966,0.07700387039221823
967,0.07764087035320699
968,0.08081712061539292
969,0.08159098459873348
970,0.0855642044916749
971,0.08795046946033835
972,0.0806241303216666
973,0.08496004808694124
974,0.07941591832786798
975,0.08328658784739673
976,0.07890934823080897
977,0.07822716317605227
978,0.07889471657108516
979,0.08056245022453368
980,0.07468315912410617
981,0.0973845609696582
982,0.11767435353249311
983,0.1739853676990606
984,0.1155121207702905
985,0.12205290072597563
986,0.5342731811106205
987,1.9725503828376532
988,1.50268529728055
989,0.6949551161378622
990,0.2863818244077265
991,0.1436955364770256
992,0.12632505840156227
993,0.10209487634710968
994,0.10022173821926117
995,0.1027633270714432
996,0.10749927489086986
997,0.10186632722616196
998,0.10953443124890327
999,0.0969363774638623
1000,0.10383097047451884
1001,0.10307139507494867
1002,0.09927640575915575
1003,0.09412297327071428
1004,0.09811787225771695
1005,0.09394795319531113
1006,0.09513424010947347
1007,0.09460210567340255
1008,0.09579656179994345
1009,0.09489352931268513
1010,0.10129013902042061
1011,0.09880782221443951
1012,0.09524137782864273
1013,0.09579381509684026
1014,0.09567886521108449
1015,0.0948672138620168
1016,0.09315966395661235
1017,0.09331955504603684
1018,0.09416994429193437
1019,0.0988678764551878
1020,0.10084933543112129
1021,0.09659143397584558
1022,0.09972556144930422
1023,0.09578777954448014
1024,0.09437512909062207
1025,0.0935646160505712
1026,0.09803820587694645
1027,0.09429184161126614
1028,0.09393193759024143
1029,0.08994787547271699
1030,0.09225064143538475
1031,0.09288938180543482
1032,0.0930900708772242
1033,0.09149768925271928
1034,0.09243542328476906
1035,0.08978475257754326
1036,0.08894750429317355
1037,0.08838395681232214
1038,0.09245189232751727
1039,0.09916916722431779
1040,0.09148451732471585
1041,0.09326825477182865
1042,0.08924756734631956
1043,0.08975301939062774
1044,0.08988391351886094
1045,0.09194907639175653
1046,0.08963306620717049
1047,0.08992615877650678
1048,0.08674978709314018
1049,0.08785353158600628
1050,0.08502039732411504
1051,0.09713574458146468
1052,0.09502716339193285
1053,0.09390895674005151
1054,0.08973662194330245
1055,0.09336073556914926
1056,0.09513036091811955
1057,0.09235824272036552
1058,0.08843860705383122
1059,0.09077854175120592
1060,0.08755455899517983
1061,0.08602152951061726
1062,0.0859735932899639
1063,0.08801023848354816
1064,0.0858238828368485
1065,0.08665018808096647
1066,0.08431095001287758
1067,0.0863922827411443
1068,0.08828619634732604
1069,0.08947226405143738
1070,0.08719154424034059
1071,0.08699531829915941
1072,0.08257447741925716
1073,0.08629407489206642
1074,0.08572196657769382
1075,0.08669129223562777
1076,0.08768633543513715
1077,0.08938731905072927
1078,0.09346390736754984
1079,0.08835760492365807
1080,0.08528588502667844
1081,0.08375049522146583
1082,0.08116278052330017
1083,0.08500487566925585
1084,0.09588995046215132
1085,0.09834735898766667
1086,0.08446474652737379
1087,0.08479264169000089
1088,0.0874523043166846
1089,0.09909560927189887
1090,0.09762684721499681
1091,0.09844956127926707
1092,0.08863982418552041
1093,0.08821730664931238
1094,0.08352045551873744
1095,0.08405041648074985
1096,0.08466557250358164
1097,0.0824678607750684
1098,0.0824479378061369
1099,0.08294690446928144
1100,0.08513835840858519
1101,0.08867107168771327
1102,0.08514317986555398
1103,0.0892308650072664
1104,0.08509916567709297
1105,0.08551385719329119
1106,0.08685626182705164
1107,0.09372345043811947
1108,0.08548117894679308
1109,0.08181653218343854
1110,0.08081812795717269
1111,0.08388841594569385
1112,0.08048793370835483
1113,0.08611980616115034
1114,0.085429597645998
1115,0.09434556926134974
1116,0.09158123820088804
1117,0.1266070723067969
1118,0.11853718478232622
1119,0.09708379488438368
1120,0.0861021219752729
1121,0.09047373314388096
1122,0.0958763713715598
1123,0.08551991079002619
1124,0.08211166877299547
1125,0.08410105563234538
1126,0.09604166471399367
1127,0.13793592038564384
1128,0.1289473082870245
1129,0.10492420679656789
1130,0.18379913014359772
1131,8.456946988473646
1132,3.144508223980665
1133,0.8392370366491377
1134,0.34789215365890414
1135,0.35626077611232176
1136,0.19914350612089038
1137,0.10932836658321321
1138,0.10106379515491426
1139,0.0970806076657027
1140,0.10071782185696065
1141,0.11425081640481949
1142,0.10684759798459709
1143,0.10701865516602993
1144,0.13454615115188062
1145,0.11310637509450316
1146,0.10903593758121133
1147,0.10206755471881479
1148,0.09914603689685464
1149,0.10423168737906963
1150,0.09413212002255023
1151,0.0913121122866869
1152,0.09880602231714875
1153,0.09456299454905093
1154,0.09556660987436771
1155,0.09650718420743942
1156,0.09472499857656658
1157,0.09338271454907954
1158,0.09227227629162371
1159,0.09535775030963123
1160,0.09082051401492208
1161,0.09828379773534834
1162,0.09749077796004713
1163,0.09967078315094113
1164,0.09990787063725293
1165,0.09406744339503348
1166,0.09429238620214164
1167,0.0940994021948427
1168,0.09173172840382904
1169,0.09853581106290221
1170,0.09146313311066478
1171,0.09089115308597684
1172,0.09872653824277222
1173,0.09037847141735256
1174,0.09179050894454122
1175,0.09484236594289541
1176,0.09567333536688238
1177,0.08853480010293424
1178,0.09416535566560924
1179,0.0872712004929781
1180,0.09268692089244723
1181,0.09499571099877357
1182,0.0922389100305736
1183,0.09046822716481984
1184,0.11076029832474887
1185,0.11315141018712893
1186,0.10406047024298459
1187,0.12838795129209757
1188,0.09354755911044776
1189,0.09750902117229998
1190,0.0925011932849884
1191,0.09005049569532275
1192,0.0900247695390135
1193,0.08790762885473669
1194,0.0859173210337758
1195,0.0890506342984736
1196,0.08815490081906319
1197,0.09756002208450809
1198,0.09044846752658486
1199,0.09164986899122596
1200,0.09959074447397143
1201,0.11490747681818902
1202,0.09090552851557732
1203,0.10077210702002048
1204,0.09553412953391671
1205,0.10017608141060919
1206,0.0902728526853025
1207,0.10083961114287376
1208,0.09332112711854279
1209,0.08856207388453186
1210,0.08704809611663222
1211,0.09425950201693922
1212,0.08903241157531738
1213,0.0989149056840688
1214,0.09705998550634831
1215,0.09062338783405721
1216,0.08945250604301691
1217,0.09066027239896357
1218,0.0908870924031362
1219,0.09065690892748535
1220,0.08784801000729203
1221,0.09702584042679518
1222,0.09600986773148179
1223,0.0869945480953902
1224,0.09400904481299222
1225,0.09138479875400662
1226,0.09436035947874188
1227,0.09622212965041399
1228,0.08877941383980215
1229,0.09073815098963678
1230,0.09509028471074998
1231,0.09249133814591914
1232,0.09428609232418239
1233,0.0887617077678442
1234,0.09186687204055488
1235,0.0911811770638451
1236,0.09766851225867867
1237,0.09446113929152489
1238,0.09599661733955145
1239,0.08721303148195148
1240,0.09007538901641965
1241,0.09000883984845132
1242,0.08615301630925387
1243,0.10232820839155465
1244,0.09441461297683418
1245,0.09970173123292625
1246,0.09460211894474924
1247,0.09060658258385956
1248,0.09085571370087564
1249,0.10088255361188203
1250,0.09107680595479906
1251,0.09520580363459885
1252,0.0904530007392168
1253,0.08709872770123184
1254,0.10600332310423255
1255,0.09965813485905528
1256,0.09583893674425781
1257,0.08996160270180553
1258,0.09335487661883235
1259,0.0932832001708448
1260,0.09804578952025622
1261,0.08961946074850857
1262,0.08895219897385687
1263,0.09079951839521527
1264,0.08695319085381925
1265,0.09257292945403606
1266,0.09499216824769974
1267,0.10162365413270891
1268,0.09549188148230314
1269,0.09036147082224488
1270,0.11162891564890742
1271,0.11081341537646949
1272,0.09438694908749312
1273,0.10535883449483663
1274,0.11719889915548265
1275,0.11640969791915268
1276,0.10616025933995843
1277,0.12505464581772685
1278,0.11879388359375298
1279,0.10794070782139897
1280,0.09637912991456687
1281,0.10559444595128298
1282,0.10501044569537044
1283,0.10688994568772614
1284,0.1103073910344392
1285,0.09145595855079591
1286,0.09323525230865926
1287,0.09314978332258761
1288,0.10184252914041281
1289,0.09377279516775161
1290,0.09225049649830908
1291,0.09487490763422102
1292,0.09023000625893474
1293,0.09402324678376317
1294,0.08662566798739135
1295,0.08668363920878619
1296,0.09773276024498045
1297,0.09188085759524256
1298,0.09652666002511978
1299,0.09847934101708233
1300,0.11399174365215003
1301,0.09113965404685587
1302,0.09151819557882845
1303,0.09971300675533712
1304,0.09039814095012844
1305,0.09576993045629933
1306,0.12413160060532391
1307,0.13274351274594665
1308,0.14180588186718524
1309,0.11337986256694421
1310,0.09825110854580998
1311,0.10027535480912775
1312,0.09376022033393383
1313,0.10288793174549937
1314,0.10529965115711093
1315,0.09390506753697991
1316,0.0931087996577844
1317,0.09181676898151636
1318,0.08883412892464548
1319,0.08877995854709297
1320,0.09107892052270472
1321,0.09144327708054334
1322,0.09193768014665693
1323,0.09083342622034252
1324,0.08940863993484527
1325,0.09521781955845654
1326,0.10543163435067981
1327,0.10390856792218983
1328,0.1712950340588577
1329,0.2280770076904446
1330,0.11057397851254791
1331,0.10774518828839064
1332,0.10205629409756511
1333,0.09650549164507538
1334,0.15641052555292845
1335,0.21830770510132425
1336,0.20961751090362668
1337,0.11275739152915776
1338,0.11362557346001267
1339,0.09026074595749378
1340,0.10712674516253173
1341,0.10554023797158152
1342,0.10019950254354626
1343,0.0963280419819057
1344,0.10842505376785994
1345,0.11930214753374457
1346,0.0881932731717825
1347,0.09161830157972872
1348,0.08747419971041381
1349,0.0955585022456944
1350,0.08831300336169079
1351,0.09694562060758471
1352,0.10402058158069849
1353,0.08854561077896506
1354,0.08773069642484188
1355,0.09248552238568664
1356,0.09331676922738552
1357,0.09498617029748857
1358,0.10787475225515664
1359,0.11786147160455585
1360,0.12500521214678884
1361,0.09348101075738668
1362,0.13356778188608587
1363,0.12606337934266776
1364,0.10383172892034054
1365,0.09124438487924635
1366,0.08727131807245314
1367,0.09227164392359555
1368,0.09677156247198582
1369,0.10379145038314164
1370,0.12832823861390352
1371,0.09607153770048171
1372,0.12969895265996456
1373,0.16578619414940476
1374,0.10857451055198908
1375,0.0879569121170789
1376,0.12685996387153864
1377,0.1210243230452761
1378,0.10776629857718945
1379,0.11524014826864004
1380,0.10150789137696847
1381,0.09257334540598094
1382,0.09241970186121762
1383,0.08703370112925768
1384,0.10079234815202653
1385,0.08741043752525002
1386,0.09019708703272045
1387,0.09713058383204043
1388,0.09065978112630546
1389,0.08378124376758933
1390,0.09076354675926268
1391,0.08992669568397105
1392,0.10112584428861737
1393,0.09005475277081132
1394,0.08950762101449072
1395,0.08687762101180851
1396,0.08468811097554862
1397,0.08041509846225381
1398,0.08520333759952337
1399,0.08880845864769071
1400,0.09480126237031072
1401,0.09102291683666408
1402,0.09501920454204082
1403,0.08977421605959535
1404,0.0947459852322936
1405,0.0846864897175692
1406,0.08262355742044747
1407,0.0812464461196214
1408,0.08353771478869021
1409,0.0876635208260268
1410,0.09580173995345831
1411,0.08592335693538189
1412,0.08763330790679902
1413,0.09133681282401085
1414,0.1161932204850018
1415,0.10234379745088518
1416,0.10063883225666359
1417,0.08769317087717354
1418,0.08553296909667552
1419,0.10363156243693084
1420,0.7446677424013615
1421,9.622924878960475
1422,1.1763292646501213
1423,0.5868637282401323
1424,0.19924909248948097
1425,0.13826948660425842
1426,0.14456531079486012
1427,0.1644709100946784
1428,0.1710107553517446
1429,0.1605774521594867
1430,0.1100015863776207
1431,0.10917194443754852
1432,0.11397536285221577
1433,0.1123817483894527
1434,0.12127366103231907
1435,0.11300003505311906
1436,0.1038746431004256
1437,0.09752204082906246
1438,0.09573694015853107
1439,0.08942476951051503
1440,0.13511000364087522
1441,0.12327660585287958
1442,0.10086939879693091
1443,0.09758797532413155
1444,0.10968375252559781
1445,0.09718761127442122
1446,0.09415329224430025
1447,0.09172987891361117
1448,0.09195337269920856
1449,0.10356265679001808
1450,0.1017510483507067
1451,0.10086113552097231
1452,0.09858208056539297
1453,0.09316524607129395
1454,0.08910891111008823
1455,0.09066702460404485
1456,0.09929786121938378
1457,0.09532937780022621
1458,0.09513483522459865
1459,0.09776731650345027
1460,0.09925172245129943
1461,0.08916944451630116
1462,0.08708572864998132
1463,0.1078661261126399
1464,0.10817515314556658
1465,0.0949052816722542
1466,0.08926484500989318
1467,0.08851494290865958
1468,0.09031344903632998
1469,0.08696655696257949
1470,0.08576207119040191
1471,0.0856571071781218
1472,0.08976454427465796
1473,0.08431389089673758
1474,0.08269970258697867
1475,0.08877987752202898
1476,0.08742827852256596
1477,0.09051362168975174
1478,0.08199004759080708
1479,0.08864573924802244
1480,0.09467382065486163
1481,0.08686160843353719
1482,0.10405418020673096
1483,0.08524808892980218
1484,0.08874454826582223
1485,0.08347052172757685
1486,0.08579894225113094
1487,0.09509488986805081
1488,0.0931586588267237
1489,0.08902939525432885
1490,0.09159047552384436
1491,0.08810804632958025
1492,0.0857505314052105
1493,0.08544738101772964
1494,0.08498989581130445
1495,0.09108111029490829
1496,0.08202894916757941
1497,0.07911553862504661
1498,0.07967879716306925
1499,0.0827018398558721
1500,0.08432159083895385
1501,0.0797403750475496
1502,0.079219208098948
1503,0.085350840119645
1504,0.08760548429563642
1505,0.09274978889152408
1506,0.09765716642141342
1507,0.09342550416477025
1508,0.092071762541309
1509,0.08040952438022941
1510,0.07773608365096152
1511,0.07927888527046889
1512,0.0787085632327944
1513,0.07974728080444038
1514,0.08798870909959078
1515,0.08510626282077283
1516,0.08372200815938413
1517,0.07936989155132324
1518,0.08265469886828214
1519,0.08606331702321768
1520,0.07882681314367801
1521,0.08120752219110727
1522,0.07871955819427967
1523,0.08318040939047933
1524,0.07871387666091323
1525,0.08232013857923448
1526,0.08201608306262642
1527,0.07681144785601646
1528,0.07783552724868059
1529,0.082551971077919
1530,0.08133618370629847
1531,0.08583344426006079
1532,0.082327596610412
1533,0.0849874725099653
1534,0.07989714865107089
1535,0.0815657046623528
1536,0.08244779240339994
1537,0.07996864104643464
1538,0.08177282265387475
1539,0.09706109965918586
1540,0.08167910925112665
1541,0.08548787632025778
1542,0.08859557984396815
1543,0.0816816424485296
1544,0.08114959532395005
1545,0.08019404567312449
1546,0.07917731371708214
1547,0.07706249691545963
1548,0.0802053437801078
1549,0.09101733774878085
1550,0.07994404656346887
1551,0.08055108459666371
1552,0.07565932627767324
1553,0.08908091252669692
1554,0.0853653458179906
1555,0.08428183267824352
1556,0.0822448703693226
1557,0.08692482253536582
1558,0.08189633162692189
1559,0.08425938501022756
1560,0.08837004681117833
1561,0.08252729813102633
1562,0.09527299727778882
1563,0.0901348595507443
1564,0.08521575783379376
1565,0.08099400473292917
1566,0.07897140318527818
1567,0.07759445463307202
1568,0.09326095273718238
1569,0.08623492228798568
1570,0.10510467668063939
1571,0.1014950058888644
1572,0.09707767819054425
1573,0.09435523545835167
1574,0.0819229839835316
1575,0.07860322273336351
1576,0.08255473454482853
1577,0.09233823232352734
1578,0.10638250841293484
1579,0.08243690896779299
1580,0.10233829414937645
1581,0.09250934538431466
1582,0.08783362642861903
1583,0.08276596618816257
1584,0.08091485453769565
1585,0.08294424717314541
1586,0.08545307326130569
1587,0.08351036533713341
1588,0.0828960333019495
1589,0.08237731829285622
1590,0.08039614884182811
1591,0.08116158028133214
1592,0.07863262773025781
1593,0.0785374769475311
1594,0.08145124511793256
1595,0.08287912281230092
1596,0.08155239373445511
1597,0.07860161282587796
1598,0.09013185044750571
1599,0.08410237031057477
1600,0.08123678062111139
1601,0.07862693793140352
1602,0.09524229797534645
1603,0.09036610787734389
1604,0.08837684063473716
1605,0.08349344530142844
1606,0.09061438962817192
1607,0.11896370048634708
1608,0.12692168750800192
1609,0.16087391847395338
1610,0.09678544569760561
1611,0.10164424392860383
1612,0.11515510315075517
1613,0.09436948038637638
1614,0.11133699840866029
1615,0.09648592717712745
1616,0.08395745500456542
1617,0.09292131708934903
1618,0.09673128445865586
1619,0.13765070459339768
1620,0.09423672500997782
1621,0.0864696973003447
1622,0.09358748781960458
1623,0.08230810810346156
1624,0.09651888301596045
1625,0.09732445329427719
1626,0.08167468896135688
1627,0.08511716267094016
1628,0.07608586433343589
1629,0.08270861860364676
1630,0.08787254302296788
1631,0.08293064846657217
1632,0.08699719409924
1633,0.09868977323640138
1634,0.09591500274837017
1635,0.09487754432484508
1636,0.08566233445890248
1637,0.08523043151944876
1638,0.07964206079486758
1639,0.08320344821549952
1640,0.09132884303107858
1641,0.08801098074764013
1642,0.08136846800334752
1643,0.09511193342041224
1644,0.08473083621356636
1645,0.09594533732160926
1646,0.07938001747243106
1647,0.08643118350300938
1648,0.08063778618816286
1649,0.09347965125925839
1650,0.07871521532069892
1651,0.12447508587501943
1652,0.10947402531746775
1653,0.0838297656737268
1654,0.08816192171070725
1655,0.08965991775039583
1656,0.12953552725957707
1657,0.11616892425809056
1658,0.12257661018520594
1659,0.11483896116260439
1660,0.12277785083279014
1661,0.11183843141770922
1662,0.0845433819340542
1663,0.0776331122033298
1664,0.08195616560988128
1665,0.09213608654681593
1666,0.0823141357395798
1667,0.08362153184134513
1668,0.07891865517012775
1669,0.07958148210309446
1670,0.08445199485868216
1671,0.07796211168169975
1672,0.09091986250132322
1673,0.10179332876577973
1674,0.10053182044066489
1675,0.09611128468532115
1676,0.10990693420171738
1677,0.08912127767689526
1678,0.1337852564174682
1679,0.25462200422771275
1680,0.17823890317231417
1681,0.1472838579211384
1682,0.13519226154312491
1683,1.4371600004378706
1684,1.4934651316143572
1685,0.2888107968028635
1686,0.15758956549689174
1687,0.16708898381330073
1688,0.12916030874475837
1689,0.0943101046141237
1690,0.10584937257226557
1691,0.1069428704213351
1692,0.10579591477289796
1693,0.10134834365453571
1694,0.0948432992445305
1695,0.09604729595594108
1696,0.09099069936200976
1697,0.0952154437545687
1698,0.08855278603732586
1699,0.08973430912010372
1700,0.09713864210061729
1701,0.08615109696984291
1702,0.09607472829520702
1703,0.08602918591350317
1704,0.08511628012638539
1705,0.08275744353886694
1706,0.09618288080673665
1707,0.09910674806451425
1708,0.09531534858979285
1709,0.08907309966161847
1710,0.09278761793393642
1711,0.09324479755014181
1712,0.08379294606857002
1713,0.08538707322441041
1714,0.08824264630675316
1715,0.08543322701007128
1716,0.08260598371271044
1717,0.08466477249749005
1718,0.08829654776491225
1719,0.08465555647853762
1720,0.08438664977438748
1721,0.08711592853069305
1722,0.08846903662197292
1723,0.08508152980357409
1724,0.09624238358810544
1725,0.09201035276055336
1726,0.08574262098409235
1727,0.10152719262987375
1728,0.09731694776564837
1729,0.09065102506428957
1730,0.08583648048806936
1731,0.086640196852386
1732,0.09039933350868523
1733,0.0884162459988147
1734,0.0955524230375886
1735,0.10279894771520048
1736,0.10241720313206315
1737,0.08806167915463448
1738,0.08487381099257618
1739,0.08696218498516828
1740,0.08512738673016429
1741,0.08313908940181136
1742,0.08605376025661826
1743,0.07872076600324363
1744,0.09388964163372293
1745,0.09398807841353118
1746,0.08549115294590592
1747,0.0847436070907861
1748,0.09330529463477433
1749,0.09128046804107726
1750,0.08310304651968181
1751,0.08348046196624637
1752,0.08444075519219041
1753,0.08913498371839523
1754,0.10288656502962112
1755,0.08708452712744474
1756,0.08479791088029742
1757,0.08744844188913703
1758,0.0866966254543513
1759,0.09032897790893912
1760,0.08586619677953422
1761,0.08555090334266424
1762,0.08809084398671985
1763,0.08642131928354502
1764,0.08914800477214158
1765,0.09042760659940541
1766,0.08508198382332921
1767,0.0848096392583102
1768,0.08932236186228693
1769,0.09401959110982716
1770,0.08505581819918007
1771,0.08948668325319886
1772,0.08949901140294969
1773,0.08802568400278687
1774,0.09339323360472918
1775,0.08146839495748281
1776,0.08467075508087873
1777,0.09454865875886753
1778,0.10572264879010618
1779,0.09575464623048902
1780,0.08572734636254609
1781,0.1068861628882587
1782,0.09427128592506051
1783,0.09299012261908501
1784,0.08411240053828806
1785,0.09768847969826311
1786,0.09940422442741692
1787,0.08647384971845895
1788,0.09101496054790914
1789,0.0851187095977366
1790,0.09094100585207343
1791,0.10412131668999791
1792,0.1018161850515753
1793,0.10831509623676538
1794,0.09874709276482463
1795,0.09148537646979094
1796,0.08937928196974099
1797,0.09920544421765953
1798,0.10873578116297722
1799,0.09745346428826451
1800,0.09231794194784015
1801,0.09790769219398499
1802,0.09668453293852508
1803,0.09288860240485519
1804,0.08822381868958473
1805,0.08539911510888487
1806,0.08609288791194558
1807,0.0938659159000963
1808,0.08054429874755442
1809,0.086798986652866
1810,0.09065231698332354
1811,0.09706051519606262
1812,0.09323467104695737
1813,0.09236534126102924
1814,0.08644441759679466
1815,0.0907930692192167
1816,0.09781993459910154
1817,0.08630801911931485
1818,0.08129516942426562
1819,0.08859930839389563
1820,0.08168459020089358
1821,0.08880780707113445
1822,0.08161391387693584
1823,0.08455408073496073
1824,0.08820375241339207
1825,0.08978585433214903
1826,0.0851595172425732
1827,0.08739163144491613
1828,0.08519265032373369
1829,0.08680074661970139
1830,0.08458257000893354
1831,0.0860511454520747
1832,0.11503806931432337
1833,0.10903489869087934
1834,0.08571493183262646
1835,0.09187575103715062
1836,0.08470352797303349
1837,0.08957545412704349
1838,0.08738708705641329
1839,0.08251278009265661
1840,0.08003148878924549
1841,0.08351097255945206
1842,0.09433131839614362
1843,0.08883592998608947
1844,0.09323854791000485
1845,0.08844741201028228
1846,0.10021095420233905
1847,0.08941964112455025
1848,0.09436540026217699
1849,0.09891654807142913
1850,0.09366268618032336
1851,0.1064032877329737
1852,0.1367883743951097
1853,0.2579143177717924
1854,0.46923789277207106
1855,1.645322303287685
1856,0.3595343898050487
1857,1.0581919876858592
1858,0.3787063993513584
1859,0.35500255739316344
1860,0.28700025379657745
1861,0.17921670759096742
1862,0.1143124324735254
1863,0.11301442910917103
1864,0.09794506640173495
1865,0.10180008900351822
1866,0.10652911872602999
1867,0.09853869327344
1868,0.10022259433753788
1869,0.09693497535772622
1870,0.09656284493394196
1871,0.10523538663983345
1872,0.09838611166924238
1873,0.09754483215510845
1874,0.09556035907007754
1875,0.10126398189458996
1876,0.0997669124044478
1877,0.10432851011864841
1878,0.10115011525340378
1879,0.097465630620718
1880,0.09705890086479485
1881,0.09206581895705312
1882,0.09403973026201129
1883,0.09763378370553255
1884,0.09672829043120146
1885,0.10617161332629621
1886,0.10242146498057991
1887,0.09273827855940908
1888,0.10174976522102952
1889,0.09448079811409116
1890,0.09295383526477963
1891,0.09286236681509763
1892,0.09377472777850926
1893,0.09365792665630579
1894,0.09481182624585927
1895,0.10343116498552263
1896,0.10123808949720114
1897,0.09808248258195817
1898,0.09245360037311912
1899,0.09693993395194411
1900,0.09085722710005939
1901,0.0905946718994528
1902,0.09041868546046317
1903,0.09477639140095562
1904,0.090696114115417
1905,0.09847256168723106
1906,0.09337237989529967
1907,0.09397738194093108
1908,0.09504462103359401
1909,0.09221522323787212
1910,0.09779969253577292
1911,0.10114480613265187
1912,0.09775720909237862
1913,0.09945015981793404
1914,0.09841624146793038
1915,0.09282536059617996
1916,0.09068278642371297
1917,0.09198887937236577
1918,0.09379253024235368
1919,0.09120792103931308
1920,0.09506661235354841
1921,0.08889944711700082
1922,0.08975212788209319
1923,0.09638031991198659
1924,0.09091174695640802
1925,0.08814249490387738
1926,0.09311715560033917
1927,0.0944402723107487
1928,0.09410721389576793
1929,0.08734888024628162
1930,0.088045654585585
1931,0.08692937740124762
1932,0.08652307582087815
1933,0.08722780284006149
1934,0.08857186511158943
1935,0.09060724696610123
1936,0.08573445864021778
1937,0.08550794515758753
1938,0.08656672504730523
1939,0.09208891750313342
1940,0.09044980560429394
1941,0.08892865059897304
1942,0.08834738121367991
1943,0.09700551489368081
1944,0.09750264778267592
1945,0.09314859169535339
1946,0.09011686663143337
1947,0.08497158344835043
1948,0.08763957303017378
1949,0.09135761298239231
1950,0.09131999919191003
1951,0.08870902517810464
1952,0.08992195851169527
1953,0.0888645745581016
1954,0.09666464477777481
1955,0.10625792137579992
1956,0.09418884327169508
1957,0.09804843622259796
1958,0.09119288949295878
1959,0.10946073429659009
1960,0.10219933814369142
1961,0.10298611759208143
1962,0.1244220701046288
1963,0.16497743839863688
1964,0.14072608284186572
1965,0.10336392559111118
1966,0.09371598507277668
1967,0.09411191882099956
1968,0.0934579789172858
1969,0.09484150749631226
1970,0.09852541203144938
1971,0.12276549858506769
1972,0.10627582750748843
1973,0.10488808224909008
1974,0.11793510837014765
1975,0.11312917526811361
1976,0.21929514151997864
1977,0.12363360507879406
1978,0.15953213069587946
1979,0.11350377416238189
1980,0.11939907469786704
1981,0.09193549677729607
1982,0.09015852655284107
1983,0.09167937003076077
1984,0.10580955352634192
1985,0.09681662661023438
1986,0.10961399041116238
1987,0.08741983911022544
1988,0.08899342746008188
1989,0.09277734579518437
1990,0.09962629503570497
1991,0.10809464380145073
1992,0.1294323026377242
1993,0.10636249568779022
1994,0.1707660680403933
1995,0.10844807885587215
1996,0.1267904017586261
1997,0.1166259003803134
1998,0.11533196305390447
1999,0.10510054766200483
2000,0.09676012193085626
2001,0.09558898024260998
2002,0.09299399983137846
2003,0.10112468153238297
2004,0.08808414312079549
2005,0.08931169146671891
2006,0.08621340955141932
2007,0.0945139192044735
2008,0.09419189183972776
2009,0.09156893147155643
2010,0.08928233105689287
2011,0.08343757083639503
2012,0.08404605684336275
2013,0.08689786563627422
2014,0.08787253638729453
2015,0.09183266933541745
2016,0.09284337284043431
2017,0.09678609576076269
2018,0.08743039972614497
2019,0.09164984745439142
2020,0.10123355768155307
2021,0.0935230937320739
2022,0.10145292454399168
2023,0.10667059425031766
2024,0.15062344120815396
2025,0.12037611717823893
2026,0.09693835000507534
2027,0.09046024747658521
2028,0.08570730197243392
2029,0.09534583357162774
2030,0.08829315623734146
2031,0.08855861541815102
2032,0.08918348303996027
2033,0.09632397117093205
2034,0.08165749697946012
2035,0.08751299633877352
2036,0.09463954088278115
2037,0.09530954924412072
2038,0.0981205147691071
2039,0.09238691563950852
2040,0.0873219973873347
2041,0.09239364671520889
2042,0.10435585211962461
2043,0.102737091248855
2044,0.09981622570194304
2045,0.1015289758797735
2046,0.08560054400004447
2047,0.08653119252994657
2048,0.08425676391925663
2049,0.09279797482304275
2050,0.08953841589391232
2051,0.08375008404254913
2052,0.08432416070718318
2053,0.08909259969368577
2054,0.093544157280121
2055,0.0873963562771678
2056,0.08819119003601372
2057,0.088749919552356
2058,0.0916187516413629
2059,0.08532057679258287
2060,0.08928212511818856
2061,0.09841593110468239
2062,0.11677005980163813
2063,0.13831639208365232
2064,0.09872889844700694
2065,0.08680902887135744
2066,0.08793920208700001
2067,0.08964897133409977
2068,0.09353269659914076
2069,0.10100938915275037
2070,0.08947821380570531
2071,0.08896565483883023
2072,0.1012676678947173
2073,0.09419738478027284
2074,0.0985506649594754
2075,0.1452508543152362
2076,0.13456695340573788
2077,0.09476434718817472
2078,0.09850153792649508
2079,0.10963297518901527
2080,0.08642086992040277
2081,0.08341103931888938
2082,0.0953513429267332
2083,0.10062594269402325
2084,0.5102964083198458
2085,1.856557585299015
2086,1.0275521920993924
2087,0.2959690217394382
2088,0.18262152443639934
2089,0.191680604708381
2090,0.15162883640732616
2091,0.13568777684122324
2092,0.10660190368071198
2093,0.09417360962834209
2094,0.09276900975964963
2095,0.09939432051032782
2096,0.09031522495206445
2097,0.08811186556704342
2098,0.08563522796612233
2099,0.08573629846796393
2100,0.08646334835793823
2101,0.08806056540925056
2102,0.09168568917084485
2103,0.09067237249109894
2104,0.09574121271725744
2105,0.11258078028913587
2106,0.11311923083849251
2107,0.10521004465408623
2108,0.0894330641021952
2109,0.09874279401265085
2110,0.08738205186091363
2111,0.09780161688104272
2112,0.08688453328795731
2113,0.08765746909193695
2114,0.0873237841296941
2115,0.08406790776643902
2116,0.08764688181690872
2117,0.08286670595407486
2118,0.08315389871131629
2119,0.08954066701699048
2120,0.0890807518735528
2121,0.08214427891653031
2122,0.08320342237129807
2123,0.0820857344660908
2124,0.08266406157054007
2125,0.07931608357466757
2126,0.08431789884343743
2127,0.07919815555214882
2128,0.08611138316337019
2129,0.08998207491822541
2130,0.0875861378153786
2131,0.0841307834489271
2132,0.08726744493469596
2133,0.11128990864381194
2134,0.11376198241487145
2135,0.0941977424081415
2136,0.08969068934675306
2137,0.0952370238956064
2138,0.10498933773487806
2139,0.08730054483748972
2140,0.09786391269881278
2141,0.08535128552466631
2142,0.08072723424993455
2143,0.08068900438956916
2144,0.08289600675925612
2145,0.07804525061510503
2146,0.0771552047226578
2147,0.08320865267887712
2148,0.0953514901921153
2149,0.0830298401415348
2150,0.0940271751023829
2151,0.0972127232234925
2152,0.09246575430734083
2153,0.09113669581711292
2154,0.10356382909230888
2155,0.11853729031281546
2156,0.1160404944093898
2157,0.09551489213481545
2158,0.09031989681534469
2159,0.08589415298774838
2160,0.08488985244184732
2161,0.07829833938740194
2162,0.08467264531645924
2163,0.08122665551491082
2164,0.08441905630752444
2165,0.08782322192564607
2166,0.0817590020596981
2167,0.0798301906324923
2168,0.07899835344869643
2169,0.09573060378897935
2170,0.0927928239107132
2171,0.08732595923356712
2172,0.08503961027599871
2173,0.10818607627879828
2174,0.134593717957614
2175,0.16843499802052975
2176,0.1089497254579328
2177,0.08787080273032188
2178,0.09804479999002069
2179,0.0874097771011293
2180,0.09202329040272161
2181,0.08702423120848835
2182,0.08906644152011722
2183,0.08594274590723217
2184,0.08466898300684988
2185,0.08285594929475337
2186,0.07957639405503869
2187,0.08138826279900968
2188,0.08380636980291456
2189,0.08839532104320824
2190,0.09253618912771344
2191,0.08346834685653448
2192,0.08136882120743394
2193,0.08040994149632752
2194,0.08133674133569002
2195,0.08039263321552426
2196,0.0852165186079219
2197,0.08119205676484853
2198,0.07989910920150578
2199,0.07894910091999918
2200,0.0859501879895106
2201,0.09405990224331617
2202,0.08969602012075484
2203,0.08842600206844509
2204,0.09515108051709831
2205,0.09112124366220087
2206,0.08969508192967623
2207,0.08662205166183412
2208,0.08409262204077095
2209,0.08437485666945577
2210,0.08263559534680098
2211,0.08428594865836203
2212,0.07942575111519545
2213,0.08971711061894894
2214,0.11143688566517085
2215,0.11288361472543329
2216,0.09767814120277762
2217,0.09118348662741482
2218,0.08847070438787341
2219,0.09330607193987817
2220,0.09353217948228121
2221,0.11709972959943116
2222,0.10363730613607913
2223,0.10259154415689409
2224,0.1115089631639421
2225,0.15038685430772603
2226,0.15004850993864238
2227,0.10430321184685454
2228,0.08353198342956603
2229,0.08543858176562935
2230,0.10438838275149465
2231,0.10696123912930489
2232,0.0966161375399679
2233,0.08527627831790596
2234,0.08211539266631007
2235,0.08251792890951037
2236,0.08464080234989524
2237,0.08354565827175975
2238,0.10012639593333006
2239,0.092655562562868
2240,0.09831437573302537
2241,0.09399603685596958
2242,0.09313462692080066
2243,0.08418640540912747
2244,0.091447614133358
2245,0.0920213928911835
2246,0.09012673539109528
2247,0.09116875671315938
2248,0.09556018188595772
2249,0.09001856145914644
2250,0.09158267837483436
2251,0.09278782497858629
2252,0.089340650010854
2253,0.08153185748960823
2254,0.08448044874239713
2255,0.0903044791193679
2256,0.08284132776316255
2257,0.08428373234346509
2258,0.08529407705646008
2259,0.09348528203554451
2260,0.0846805942710489
2261,0.08401168079581112
2262,0.14855697145685554
2263,1.5269787008874118
2264,1.132057324051857
2265,0.42436825297772884
2266,0.9772966271266341
2267,0.44462478533387184
2268,0.14966163667850196
2269,0.11656527605373412
2270,0.10467973130289465
2271,0.10069100640248507
2272,0.0985171883367002
2273,0.09291464311536402
2274,0.09412627713754773
2275,0.0919099620077759
2276,0.08969205617904663
2277,0.09632362029515207
2278,0.08822954283095896
2279,0.08947924734093249
2280,0.08956464566290379
2281,0.08844427159056067
2282,0.08916307438630611
2283,0.09153841948136687
2284,0.09870961192063987
2285,0.0911479820497334
2286,0.09366858680732548
2287,0.09239350532880053
2288,0.09274624229874462
2289,0.08792521501891315
2290,0.08374857110902667
2291,0.0889636529609561
2292,0.0893627752084285
2293,0.09109338885173202
2294,0.09143950464203954
2295,0.08554453076794744
2296,0.08831962058320642
2297,0.0888649100670591
2298,0.09099311067257077
2299,0.08757500257343054
2300,0.08626203692983836
2301,0.08368840883485973
2302,0.08881486905738711
2303,0.09588259132578969
2304,0.09094638749957085
2305,0.08764230087399483
2306,0.08296131831593812
2307,0.08563245204277337
2308,0.08148815226741135
2309,0.08571472787298262
2310,0.08208296116208658
2311,0.11372630251571536
2312,0.09854499204084277
2313,0.0999206758569926
2314,0.10462532367091626
2315,0.10484334640204906
2316,0.0977864763699472
2317,0.09445850597694516
2318,0.08560998877510428
2319,0.0881118286633864
2320,0.08555245911702514
2321,0.08604600443504751
2322,0.07977103814482689
2323,0.08336885180324316
2324,0.08522868040017784
2325,0.08741137362085283
2326,0.08931119204498827
2327,0.08620498806703836
2328,0.08856889442540705
2329,0.08265917631797493
2330,0.09103050781413913
2331,0.08659591805189848
2332,0.08736604219302535
2333,0.08132174261845648
2334,0.08925640466623008
2335,0.09032845892943442
2336,0.08368453406728804
2337,0.0817086276365444
2338,0.0818283207481727
2339,0.09253705758601427
2340,0.08756312821060419
2341,0.08625596226193011
2342,0.08146123087499291
2343,0.08303721155971289
2344,0.08079419774003327
2345,0.08691451605409384
2346,0.08098914881702513
2347,0.08910886477679014
2348,0.1107072492595762
2349,0.0884618791169487
2350,0.08672226266935468
2351,0.08037696219980717
2352,0.0867577102035284
2353,0.08412612340180203
2354,0.09394422173500061
2355,0.08647626894526184
2356,0.08427098672837019
2357,0.07969532068818808
2358,0.08190417685545981
2359,0.0883781622396782
2360,0.08279906725510955
2361,0.08034778316505253
2362,0.07828264147974551
2363,0.08003755216486752
2364,0.08284137304872274
2365,0.08758520451374352
2366,0.08870185981504619
2367,0.09473147941753268
2368,0.0856164088472724
2369,0.11633489711675793
2370,0.10983107431093231
2371,0.09558103512972593
2372,0.08009347366169095
2373,0.0891033448278904
2374,0.08639520150609314
2375,0.09269231092184782
2376,0.08864108775742352
2377,0.1045394082320854
2378,0.13148058170918375
2379,0.11648233514279127
2380,0.09842405887320638
2381,0.08990946295671165
2382,0.08232402824796736
2383,0.08262336812913418
2384,0.08071727002970874
2385,0.0792005059774965
2386,0.08035780128557235
2387,0.08756728342268616
2388,0.09069559373892844
2389,0.08544284827075899
2390,0.09659941180143505
2391,0.0907268445007503
2392,0.0916132767451927
2393,0.08475254324730486
2394,0.08635127544403076
2395,0.08870816126000136
2396,0.09425185713917017
2397,0.10145154246129096
2398,0.11168110638391227
2399,0.11729414411820471
2400,0.09457535448018461
2401,0.08262490737251937
2402,0.09310521953739226
2403,0.08817960706073791
2404,0.10527390171773732
2405,0.09534726664423943
2406,0.09215128247160465
2407,0.09584169846493751
2408,0.08211247366853058
2409,0.09606033284217119
2410,0.08745258545968682
2411,0.08848994877189398
2412,0.08345449389889836
2413,0.07730248593725264
2414,0.0820458693196997
2415,0.0851891121128574
2416,0.08970664418302476
2417,0.16369681945070624
2418,0.1523464348865673
2419,1.0546218210365623
2420,2.1460391525179148
2421,0.6949050879338756
2422,1.787722337525338
2423,0.374493679497391
2424,0.18629051721654832
2425,0.13923159072874114
2426,0.10451932577416301
2427,0.09687879541888833
2428,0.09708086401224136
2429,0.10723990364931524
2430,0.09420240018516779
2431,0.09847069811075926
2432,0.0911520509980619
2433,0.0932145583210513
2434,0.09195764688774943
2435,0.0879652202129364
2436,0.08651702082715929
2437,0.08936305029783398
2438,0.09142117016017437
2439,0.08625524677336216
2440,0.08827723329886794
2441,0.0896638393169269
2442,0.08934249170124531
2443,0.08283300721086562
2444,0.08933858154341578
2445,0.08796869171783328
2446,0.08619336946867406
2447,0.08357180980965495
2448,0.08846176450606436
2449,0.09047053544782102
2450,0.08908514678478241
2451,0.08610942796804011
2452,0.08989693433977664
2453,0.08483238553162664
2454,0.08422196435276419
2455,0.08624476636759937
2456,0.08574951183982193
2457,0.08828607457689941
2458,0.09281508228741586
2459,0.08952569076791406
2460,0.08400847692973912
2461,0.09075069078244269
2462,0.09393509931396693
2463,0.09859432955272496
2464,0.08593703992664814
2465,0.08614745794329792
2466,0.08487213682383299
2467,0.08321402361616492
2468,0.08933563122991472
2469,0.08154707623180002
2470,0.08163168421015143
2471,0.08438557828776538
2472,0.08503259345889091
2473,0.09422342758625746
2474,0.08780808409210294
2475,0.08894850290380418
2476,0.08343733020592481
2477,0.08246544643770903
2478,0.08549236645922065
2479,0.08380487014073879
2480,0.08434047154150903
2481,0.08879938372410834
2482,0.08342214580625296
2483,0.08599111810326576
2484,0.096827493282035
2485,0.08447013981640339
2486,0.08455063978908584
2487,0.08785509155131876
2488,0.08581597404554486
2489,0.0907597835175693
2490,0.09207851823884994
2491,0.08338780677877367
2492,0.08262822916731238
2493,0.07718144322279841
2494,0.08718909369781613
2495,0.08352249790914357
2496,0.0803920307662338
2497,0.08183088921941817
2498,0.07983207725919783
2499,0.0797257055528462
2500,0.0871903388760984
2501,0.0839689967688173
2502,0.08441503206267953
2503,0.07976361503824592
2504,0.09645649907179177
2505,0.0969355907291174
2506,0.08243278320878744
2507,0.0822725270409137
2508,0.08888668427243829
2509,0.084868895704858
2510,0.0803715999936685
2511,0.0805013352073729
2512,0.08499011769890785
2513,0.08020855975337327
2514,0.08459889073856175
2515,0.07735574967227876
2516,0.08327236829791218
2517,0.07895159174222499
2518,0.07966479496099055
2519,0.07595347263850272
2520,0.07997035677544773
2521,0.09046781982760876
2522,0.1154388256254606
2523,0.10001934645697474
2524,0.09191831719363108
2525,0.08858924685046077
2526,0.07918201631400734
2527,0.0789980876725167
2528,0.08822483476251364
2529,0.08927964430768043
2530,0.08670642378274351
2531,0.09067855379544199
2532,0.10599280160386115
2533,0.08698397839907557
2534,0.0915352376177907
2535,0.09160153265111148
2536,0.09130213619209826
2537,0.08767277444712818
2538,0.08293458400294185
2539,0.08548817900009453
2540,0.09517940017394722
2541,0.09845407656393945
2542,0.08944090688601136
2543,0.1004935089731589
2544,0.0848708589328453
2545,0.08315934473648667
2546,0.0874146786518395
2547,0.08421896980144083
2548,0.0831914464943111
2549,0.09317109268158674
2550,0.08017251780256629
2551,0.09057444101199508
2552,0.07938638026826084
2553,0.08946578903123736
2554,0.08170790027361363
2555,0.07986640348099172
2556,0.09200162603519857
2557,0.08728788630105555
2558,0.09471170790493488
2559,0.10196744021959603
2560,0.08537446334958076
2561,0.09417868463788182
2562,0.08539485896471888
2563,0.0802072633523494
2564,0.081042630947195
2565,0.08253624115604907
2566,0.08670087554492056
2567,0.08344238740392029
2568,0.09214861574582756
2569,0.09718302730470896
2570,0.10509791341610253
2571,0.09945036575663835
2572,0.0864827900659293
2573,0.09021267876960337
2574,0.09936645533889532
2575,0.08330838696565479
2576,0.09175930405035615
2577,0.08715098560787737
2578,0.09230771195143461
2579,0.07778432057239115
2580,0.0804047086276114
2581,0.0837688916362822
2582,0.09353578859008849
2583,0.08788892021402717
2584,0.08839841932058334
2585,0.09024905762635171
2586,0.08786759781651199
2587,0.08266212430316955
2588,0.1059193592518568
2589,0.12881941994419321
2590,0.11796714458614588
2591,0.09131911577424034
2592,0.09590016724541783
2593,0.08979990426450968
2594,0.09506393410265446
2595,0.1047043395228684
2596,0.13736615516245365
2597,0.11135583586292341
2598,0.09560845931991935
2599,0.08464114728849381
2600,0.08373442408628762
2601,0.095281433314085
2602,0.09602243884000927
2603,0.19717255479190499
2604,0.1951332144672051
2605,0.7996677188202739
2606,0.43647477123886347
2607,0.1557083169464022
2608,0.18526818614918739
2609,0.11126682267058641
2610,0.10469100053887814
2611,0.10192199144512415
2612,0.11756437947042286
2613,0.11902677360922098
2614,0.10971013072412461
2615,0.09388182277325541
2616,0.10101341968402267
2617,0.10038041113875806
2618,0.08758569229394197
2619,0.08278454281389713
2620,0.08089661144185811
2621,0.08479048009030521
2622,0.09361806511878967
2623,0.08424465474672616
2624,0.08251392294187099
2625,0.08430718234740198
2626,0.0823172313394025
2627,0.08587739756330848
2628,0.08922089473344386
2629,0.08409562334418297
2630,0.08443843189161271
2631,0.08102109411265701
2632,0.0872246198123321
2633,0.08924840367399156
2634,0.0826260382309556
2635,0.08368445257656276
2636,0.0849116473691538
2637,0.08213906222954392
2638,0.08617155172396451
2639,0.08100746222771704
2640,0.09843832557089627
2641,0.0905201518908143
2642,0.09791515045799315
2643,0.08726949733681977
2644,0.08483861922286451
2645,0.09405575832352042
2646,0.09352225810289383
2647,0.09814536583144218
2648,0.09532059379853308
2649,0.08584180718753487
2650,0.08445386495441198
2651,0.08393183629959822
2652,0.08373818034306169
2653,0.08167376019991934
2654,0.08450770331546664
2655,0.08258270774967968
2656,0.08378611714579165
2657,0.08562292414717376
2658,0.09054155857302248
2659,0.11255800537765026
2660,0.09259085799567401
2661,0.09688059834297746
2662,0.08377555920742452
2663,0.10101185389794409
2664,0.08779201935976744
2665,0.08592957281507552
2666,0.08334267581813037
2667,0.08080865570809692
2668,0.0813058583298698
2669,0.08478581404779106
2670,0.08877135324291885
2671,0.0899619332049042
2672,0.08241879311390221
2673,0.0897870387416333
2674,0.0827223212691024
2675,0.08456010324880481
2676,0.08809790923260152
2677,0.11007222742773592
2678,0.08726759371347725
2679,0.08182895940262824
2680,0.08650190220214427
2681,0.08389035612344742
2682,0.08154581696726382
2683,0.08445903426036239
2684,0.08385437284596264
2685,0.08704199828207493
2686,0.12023580423556268
2687,0.1222576271975413
2688,0.12488559156190604
2689,0.10276065208017826
2690,0.10305392229929566
2691,0.09264977066777647
2692,0.08435382437892258
2693,0.08271937258541584
2694,0.0823419711086899
2695,0.0864032725803554
2696,0.07987829018384218
2697,0.12050177145283669
2698,0.09481536759994924
2699,0.09867630095686764
2700,0.09241501986980438
2701,0.08415214531123638
2702,0.10284873319324106
2703,0.08378634741529822
2704,0.09348058560863137
2705,0.09141871007159352
2706,0.09255229716654867
2707,0.0904014587868005
2708,0.09023925755172968
2709,0.08713305043056607
2710,0.08446036837995052
2711,0.10107754706405103
2712,0.10176392737776041
2713,0.1376959951594472
2714,0.11345012113451958
2715,0.096010617678985
2716,0.10707453032955527
2717,0.10139476147014648
2718,0.09039400471374393
2719,0.09942466742359102
2720,0.09507967997342348
2721,0.10080446000210941
2722,0.09106576256453991
2723,0.08511728001758456
2724,0.0822351195383817
2725,0.07854752137791365
2726,0.08890269207768142
2727,0.09634068887680769
2728,0.10706408135592937
2729,0.1134745660237968
2730,0.12438383093103766
2731,0.197185649885796
2732,0.5944052231498063
2733,1.730162113904953
2734,1.1931526325643063
2735,0.8494889778085053
2736,0.3214324642904103
2737,0.11248078406788409
2738,0.10739056894090027
2739,0.10551215393934399
2740,0.1048608289565891
2741,0.10659950622357428
2742,0.09800918877590448
2743,0.0901013643015176
2744,0.0868627120507881
2745,0.08570318098645657
2746,0.08702750504016876
2747,0.09646045323461294
2748,0.09337465395219624
2749,0.08516331959981471
2750,0.08285713708028197
2751,0.08313907380215824
2752,0.08436026063282043
2753,0.08410316542722285
2754,0.09745574044063687
2755,0.08111838484182954
2756,0.08306161873042583
2757,0.08407667884603143
2758,0.08785906387493014
2759,0.07998351217247546
2760,0.08031035074964166
2761,0.08730554790236056
2762,0.10017661657184362
2763,0.09163502242881805
2764,0.0863321681972593
2765,0.09183371788822114
2766,0.08411737135611475
2767,0.09317299851682037
2768,0.0932601394597441
2769,0.1010708105750382
2770,0.08365061180666089
2771,0.08468835614621639
2772,0.08378140511922538
2773,0.08294179756194353
2774,0.08660557551775128
2775,0.0815867951605469
2776,0.08314530923962593
2777,0.07935258734505624
2778,0.08217084221541882
2779,0.08173289219848812
2780,0.09383864421397448
2781,0.11208653956418857
2782,0.08872859855182469
2783,0.08812028996180743
2784,0.08484243182465434
2785,0.08149727364070714
2786,0.082647591130808
2787,0.08299669390544295
2788,0.07953179883770645
2789,0.09074308723211288
2790,0.08519474614877254
2791,0.08922399114817381
2792,0.08093998243566602
2793,0.08109329966828227
2794,0.08681088883895427
2795,0.09141927259042859
2796,0.09600738127483055
2797,0.08432536362670362
2798,0.08838100358843803
2799,0.08719850704073906
2800,0.09358336473815143
2801,0.09263044968247414
2802,0.09011453506536782
2803,0.09257758688181639
2804,0.09460434212815017
2805,0.08263511845143512
2806,0.0838202410377562
2807,0.08402848348487169
2808,0.08425854262895882
2809,0.09217009728308767
2810,0.09226950875017792
2811,0.08222788549028337
2812,0.09181193774566054
2813,0.08918638119939715
2814,0.08847996557597071
2815,0.08326721133198589
2816,0.11637046001851559
2817,0.09317818912677467
2818,0.08587296609766781
2819,0.08444848307408392
2820,0.08194601023569703
2821,0.07966857682913542
2822,0.08529315132182091
2823,0.08513386873528361
2824,0.08605780429206789
2825,0.08301013172604144
2826,0.08090191311202943
2827,0.09770567179657519
2828,0.0912645380012691
2829,0.09644981566816568
2830,0.09207443776540458
2831,0.0890080975368619
2832,0.0914324433542788
2833,0.08192943513859063
2834,0.08274824521504343
2835,0.08279996807686985
2836,0.08490719739347696
2837,0.0814777531195432
2838,0.08132554474286735
2839,0.08387149148620665
2840,0.083356041344814
2841,0.08390309801325202
2842,0.08843149314634502
2843,0.0843827350763604
2844,0.08967685233801603
2845,0.08385047316551208
2846,0.08355783275328577
2847,0.08096981816925108
2848,0.08260049961972982
2849,0.08408450777642429
2850,0.08475855702999979
2851,0.08528184704482555
2852,0.09485233365558088
2853,0.09087077341973782
2854,0.09047978895250708
2855,0.08196328394114971
2856,0.08328859542962164
2857,0.08341941540129483
2858,0.08457269170321524
2859,0.08223801339045167
2860,0.08277171524241567
2861,0.08336884621530771
2862,0.0892213152255863
2863,0.09983429103158414
2864,0.10284806450363249
2865,0.10006620164494962
2866,0.12322158389724791
2867,0.15855899499729276
2868,0.34349581657443196
2869,0.13686370756477118
2870,0.09931614762172103
2871,0.09269745787605643
2872,0.09050950035452843
2873,0.08958253846503794
2874,0.08478245860897005
2875,0.0845447356114164
2876,0.0831557686906308
2877,0.08155696908943355
2878,0.08229450229555368
2879,0.08493389096111059
2880,0.08116825576871634
2881,0.07672274997457862
2882,0.08118303376249969
2883,0.10463351255748421
2884,0.11666633188724518
2885,0.10995683958753943
2886,0.10382778022903949
2887,0.08639937429688871
2888,0.08304091519676149
2889,0.07768722041510046
2890,0.09937836788594723
2891,0.10024725960101932
2892,0.10339804273098707
2893,0.09505396173335612
2894,0.092547956854105
2895,0.10559708275832236
2896,0.09513210342265666
2897,0.10706898989155889
2898,0.09750692220404744
2899,0.09423439728561789
2900,0.09763616416603327
2901,0.09353045676834881
2902,0.08840431470889598
2903,0.0857312906300649
2904,0.08608680660836399
2905,0.08518512430600822
2906,0.09222058532759547
2907,0.11766737070865929
2908,0.14920413060463034
2909,0.1506439515214879
2910,0.11929215607233346
2911,0.09628192172385752
2912,0.08521423931233585
2913,0.08443248318508267
2914,0.08431785018183291
2915,0.08398065669462085
2916,0.08446748997084796
2917,0.08420724864117801
2918,0.08274159207940102
2919,0.08972361159976572
2920,0.08720588125288486
2921,0.08098554390016943
2922,0.08478054171428084
2923,0.08172960579395294
2924,0.08699290221557021
2925,0.08904337335843593
2926,0.08519124775193632
2927,0.0897788325091824
2928,0.09392579807899892
2929,0.10174233827274293
2930,0.08559460064861923
2931,0.09085279318969697
2932,0.0841858871281147
2933,0.08920855971518904
2934,0.08619948523119092
2935,0.08276066440157592
2936,0.0904703747946769
2937,0.09315387438982725
2938,0.09139562910422683
2939,0.08569636545144022
2940,0.08542387012857944
2941,0.11627101339399815
2942,0.12701886182185262
2943,0.09564756555482745
2944,0.08925184304825962
2945,0.09118467709049582
2946,0.08472581260139123
2947,0.0902249498758465
2948,0.09928415226750076
2949,0.09295346448197961
2950,0.09001754818018526
2951,0.10974939877633005
2952,0.11933497607242316
2953,1.2789972374448553
2954,0.9310026671737432
2955,2.5170842260995414
2956,1.2146691079251468
2957,0.5074087390676141
2958,0.18446277582552284
2959,0.1141553147463128
2960,0.09983694658149034
2961,0.09257294563576579
2962,0.09207780519500375
2963,0.08950911043211818
2964,0.08573276048991829
2965,0.09691840095911175
2966,0.09257029974833131
2967,0.0922591295093298
2968,0.08700282406061888
2969,0.08346787944901735
2970,0.10808454372454435
2971,0.1001689936965704
2972,0.09445566963404417
2973,0.08460159180685878
2974,0.08473748527467251
2975,0.09188066702336073
2976,0.09396378579549491
2977,0.09802091377787292
2978,0.08680756622925401
2979,0.08545271772891283
2980,0.08185160555876791
2981,0.08515419065952301
2982,0.08145882748067379
2983,0.08029892691411078
2984,0.08028299605939537
2985,0.08393556030932814
2986,0.08512094477191567
2987,0.08904357173014432
2988,0.07851580553688109
2989,0.08343282551504672
2990,0.09070377401076257
2991,0.08730540046235546
2992,0.07973162387497723
2993,0.0792342817876488
2994,0.08317185682244599
2995,0.0843966108513996
2996,0.07950786163564771
2997,0.08064007374923676
2998,0.08182359312195331
2999,0.09079565689899027
3000,0.07679018762428313
3001,0.0872147895861417
3002,0.08391961408779025
3003,0.08288288838230073
3004,0.0836244944948703
3005,0.08700875437352806
3006,0.09467864397447556
3007,0.08759208675473928
3008,0.08953726792242378
3009,0.08290815097279847
3010,0.07866065786220133
3011,0.08256911532953382
3012,0.08176680281758308
3013,0.08046564133837819
3014,0.07805562519934028
3015,0.08473113004583865
3016,0.07967045763507485
3017,0.09925745846703649
3018,0.0872408498544246
3019,0.09215245139785111
3020,0.08261275477707386
3021,0.07805125322192907
3022,0.08025291282683611
3023,0.08446642220951617
3024,0.08373815764207393
3025,0.07753731869161129
3026,0.08331319800345227
3027,0.08246034756302834
3028,0.07678535941522568
3029,0.07868221797980368
3030,0.08544627227820456
3031,0.09024924121331424
3032,0.08571612159721553
3033,0.08354040537960827
3034,0.07905725529417396
3035,0.0827756233047694
3036,0.09548940835520625
3037,0.08142979652620852
3038,0.08690259081777185
3039,0.1010007536970079
3040,0.07953149150125682
3041,0.08115462376736104
3042,0.08156584994867444
3043,0.08006435027346015
3044,0.0789087995653972
3045,0.07923937356099486
3046,0.08439592033391818
3047,0.08483076107222587
3048,0.07921576639637351
3049,0.0819089061114937
3050,0.09936007554642856
3051,0.09021207387559116
3052,0.08309386554174125
3053,0.07782311853952706
3054,0.0816144929267466
3055,0.07895442913286388
3056,0.08567297272384167
3057,0.08122343453578651
3058,0.07870459393598139
3059,0.08032618521247059
3060,0.08852113783359528
3061,0.08486797846853733
3062,0.08267641253769398
3063,0.07877876632846892
3064,0.08346411818638444
3065,0.08357047953177243
3066,0.07626675791107118
3067,0.07931598601862788
3068,0.07702455460093915
3069,0.08618638594634831
3070,0.08177094417624176
3071,0.07997601421084255
3072,0.08348610484972596
3073,0.09362400765530765
3074,0.08865850116126239
3075,0.08674178225919604
3076,0.0883073911536485
3077,0.10986593784764409
3078,0.09399810910690576
3079,0.08557415520772338
3080,0.08358068950474262
3081,0.08192741870880127
3082,0.07595414179377258
3083,0.08381109754554927
3084,0.08521884796209633
3085,0.08435998717322946
3086,0.08854566456284374
3087,0.08899571979418397
3088,0.0841428586281836
3089,0.08090780582278967
3090,0.08029502211138606
3091,0.07846884813625365
3092,0.09187070920597762
3093,0.08413054747506976
3094,0.10123916273005307
3095,0.10221612895838916
3096,0.0985143578145653
3097,0.09279563499148935
3098,0.09151998884044588
3099,0.10541943251155317
3100,0.09136132732965052
3101,0.10039096180116758
3102,0.09810947679216042
3103,0.08754665637388825
3104,0.08362284721806645
3105,0.08169589575845748
3106,0.08013809006661177
3107,0.08092008577659726
3108,0.07855465938337147
3109,0.07747143995948136
3110,0.0814703629584983
3111,0.08183194883167744
3112,0.08040158543735743
3113,0.08110564516391605
3114,0.08400944154709578
3115,0.10766417160630226
3116,0.08889005659148097
3117,0.08699489291757345
3118,0.08444270945619792
3119,0.08441135380417109
3120,0.08072387205902487
3121,0.08650166389998049
3122,0.0818682179087773
3123,0.0881572684738785
3124,0.08404632261954248
3125,0.08284923003520817
3126,0.09866486419923604
3127,0.09757721982896328
3128,0.08786791050806642
3129,0.0938838820438832
3130,0.09362623712513596
3131,0.08604354108683765
3132,0.08370983670465648
3133,0.08194215409457684
3134,0.0814746612450108
3135,0.08106373040936887
3136,0.08928102068603039
3137,0.10353078134357929
3138,0.11117498367093503
3139,0.09606332128169015
3140,0.10063958307728171
3141,0.09806287370156497
3142,0.10854807565920055
3143,0.10880678589455783
3144,0.09854479366913438
3145,0.2674584756605327
3146,0.12800975237041712
3147,0.09371068445034325
3148,0.10367229301482439
3149,0.09388094954192638
3150,0.08948495890945196
3151,0.0955609674565494
3152,0.0910085974028334
3153,0.08384897978976369
3154,0.09447630844078958
3155,0.09307248960249126
3156,0.10261569020804018
3157,0.09536447515711188
3158,0.08330515504349023
3159,0.0810706545598805
3160,0.0926229846663773
3161,0.08925329602789134
3162,0.08584160730242729
3163,0.08612091076793149
3164,0.08723688800819218
3165,0.08464008313603699
3166,0.08233698119875044
3167,0.10109174600802362
3168,0.10181453730911016
3169,0.09300444414839149
3170,0.11374522000551224
3171,0.0959589509293437
3172,0.09704545163549483
3173,0.11676347872707993
3174,0.12393130641430616
3175,0.09439038415439427
3176,0.08693839306943119
3177,0.10317023273091763
3178,0.12595782481366768
3179,0.23539553690352477
3180,0.46429224079474807
3181,1.4123181067407131
3182,1.5522052783053368
3183,0.4419426443055272
3184,0.40841759217437357
3185,0.17959691397845745
3186,0.10587054316420108
3187,0.09401234961114824
3188,0.08859452488832176
3189,0.08786087261978537
3190,0.08779986738227308
3191,0.08916680258698761
3192,0.08702008065301925
3193,0.08984507713466883
3194,0.08638456813059747
3195,0.08737278613261878
3196,0.08174991502892226
3197,0.08092471153941005
3198,0.08528623473830521
3199,0.08239399315789342
3200,0.0842875448288396
3201,0.08504725596867502
3202,0.08410208800341934
3203,0.07836425234563649
3204,0.07860548817552626
3205,0.09168490028241649
3206,0.09926003799773753
3207,0.08449324453249574
3208,0.08576475363224745
3209,0.08310033404268324
3210,0.08521267701871693
3211,0.08346592914313078
3212,0.0811143834143877
3213,0.08679752517491579
3214,0.08406715583987534
3215,0.07937852176837623
3216,0.07854401343502104
3217,0.08263275166973472
3218,0.08157186582684517
3219,0.07887635054066777
3220,0.08395402960013598
3221,0.08826531318482012
3222,0.080668791430071
3223,0.08340324647724628
3224,0.07667354692239314
3225,0.08184674917720258
3226,0.08207132131792605
3227,0.07976154424250126
3228,0.07904168637469411
3229,0.08226041658781469
3230,0.08410911913961172
3231,0.0819863328943029
3232,0.07848679169546813
3233,0.08239610679447651
3234,0.07991883740760386
3235,0.088962760171853
3236,0.07745532190892845
3237,0.08418586733750999
3238,0.09024181356653571
3239,0.07656784157734364
3240,0.08445502899121493
3241,0.08233090629801154
3242,0.07732107164338231
3243,0.08148075104691088
3244,0.08076685201376677
3245,0.0910988892428577
3246,0.08182702411431819
3247,0.08139705786015838
3248,0.08506389474496245
3249,0.08164488687179983
3250,0.07856204872950912
3251,0.07772267539985478
3252,0.081042539793998
3253,0.07836608483921736
3254,0.08778997953049839
3255,0.08754292037338018
3256,0.08087973727378994
3257,0.08554428187198937
3258,0.08050677366554737
3259,0.0833791452459991
3260,0.08171247038990259
3261,0.08087001356761903
3262,0.08162072813138366
3263,0.08686879766173661
3264,0.14207517786417156
3265,0.11909212928730994
3266,0.12534113810397685
3267,0.10764001472853124
3268,0.08698327711317688
3269,0.08297156635671854
3270,0.08108164556324482
3271,0.08288344205357134
3272,0.08357487758621573
3273,0.08037100557703525
3274,0.082941560074687
3275,0.08441990427672863
3276,0.07946884899865836
3277,0.08052705693989992
3278,0.0795160714769736
3279,0.0827613587025553
3280,0.09923698485363275
3281,0.08808748866431415
3282,0.08543190942145884
3283,0.08700516703538597
3284,0.09065451135393232
3285,0.08302409166935831
3286,0.0829681595787406
3287,0.085047283093445
3288,0.09719614463392645
3289,0.09263859572820365
3290,0.0796837096568197
3291,0.07916935835964978
3292,0.08004373451694846
3293,0.08088793558999896
3294,0.07987771986518055
3295,0.08802975295111537
3296,0.08621602482162416
3297,0.0937615263974294
3298,0.08198303449898958
3299,0.07794306019786745
3300,0.08331174391787499
3301,0.08139507379382849
3302,0.08295820630155504
3303,0.08597624045796692
3304,0.0838845904218033
3305,0.08250658214092255
3306,0.08379231649450958
3307,0.07466473593376577
3308,0.08369358407799155
3309,0.07952272705733776
3310,0.0806673455517739
3311,0.08482885267585516
3312,0.0825856695882976
3313,0.11292156844865531
3314,0.08620734931901097
3315,0.08988298964686692
3316,0.08841774915345013
3317,0.08688778826035559
3318,0.08548068575328216
3319,0.08267286641057581
3320,0.0782181442482397
3321,0.07717691035941243
3322,0.08720805344637483
3323,0.08338869456201792
3324,0.09205478598596528
3325,0.10258448374224827
3326,0.08188247412908822
3327,0.08519639680162072
3328,0.0937899355776608
3329,0.09609087253920734
3330,0.08413535042200238
3331,0.08327681315131485
3332,0.10832986771129072
3333,0.11251398455351591
3334,0.08628804027102888
3335,0.0820366000989452
3336,0.08173033897764981
3337,0.08010324044153094
3338,0.08210137998685241
3339,0.09648498555179685
3340,0.10656168917194009
3341,0.09524555481038988
3342,0.10141017206478864
3343,0.08299390086904168
3344,0.08681317290756851
3345,0.08084795484319329
3346,0.08191843284294009
3347,0.0876434720121324
3348,0.08409785851836205
3349,0.08418518025428057
3350,0.08476929366588593
3351,0.08855581085663289
3352,0.08631433639675379
3353,0.09491780865937471
3354,0.0895231660688296
3355,0.09044087788788602
3356,0.08679225784726441
3357,0.08223629312124103
3358,0.08306446275673807
3359,0.0798600009875372
3360,0.08098191046155989
3361,0.08209188818000257
3362,0.08271005097776651
3363,0.08380569773726165
3364,0.08645483234431595
3365,0.09467724454589188
3366,0.09179846686311066
3367,0.0802027297904715
3368,0.07591475546360016
3369,0.08324027061462402
3370,0.09042105276603252
3371,0.11684723803773522
3372,0.09420867112930864
3373,0.0868351929821074
3374,0.08959653996862471
3375,0.10471840144600719
3376,0.09747856575995684
3377,0.09407921321690083
3378,0.09750948438886553
3379,0.13267759364680387
3380,0.15954801090992987
3381,0.1293280707905069
3382,0.12142429407685995
3383,0.10177077096886933
3384,0.10037381527945399
3385,0.10770887322723866
3386,0.12955363863147795
3387,0.11045628145802766
3388,0.11856857175007463
3389,0.09430226334370673
3390,0.08972603699658066
3391,0.12289102096110582
3392,0.09727893432136625
3393,0.11443250742740929
3394,0.11116137565113604
3395,0.17681841347075533
3396,0.18295413884334266
3397,0.263187896925956
3398,0.6722240891540423
3399,1.6964136478491127
3400,0.7704262477345765
3401,0.19329085294157267
3402,0.14187640859745443
3403,0.10375972604379058
3404,0.09505786991212517
3405,0.10421482706442475
3406,0.09188100101891905
3407,0.09408860502298921
3408,0.09511813137214631
3409,0.08993695466779172
3410,0.09044653037562966
3411,0.09310193662531674
3412,0.08981443545781076
3413,0.09471246670000255
3414,0.0931407887255773
3415,0.08686527388636023
3416,0.0893206971231848
3417,0.09033768880181015
3418,0.08891615306492895
3419,0.08972036896739155
3420,0.0892960752826184
3421,0.08628092589788139
3422,0.08631340158171952
3423,0.09330975986085832
3424,0.0870082809124142
3425,0.09323060803581029
3426,0.09565441450104117
3427,0.09059630148112774
3428,0.09300319757312536
3429,0.09576918254606426
3430,0.08970908727496862
3431,0.08383518387563527
3432,0.08967392612248659
3433,0.08533965633250773
3434,0.08665589103475213
3435,0.08531828410923481
3436,0.08741263812407851
3437,0.08496667956933379
3438,0.08446579775772989
3439,0.08721276093274355
3440,0.08767177257686853
3441,0.08314533403608948
3442,0.08302440447732806
3443,0.08409667271189392
3444,0.08514539629686624
3445,0.0858629901194945
3446,0.08615927246864885
3447,0.08741356828249991
3448,0.08683844865299761
3449,0.08719064318574965
3450,0.08783993753604591
3451,0.08375950111076236
3452,0.09128428902477026
3453,0.08557225984986871
3454,0.09988720156252384
3455,0.09398700250312686
3456,0.09899310790933669
3457,0.09716339665465057
3458,0.09158612159080803
3459,0.0922453353414312
3460,0.08745501423254609
3461,0.0864395871758461
3462,0.08386899821925908
3463,0.08694419311359525
3464,0.08465550793334842
3465,0.08501007035374641
3466,0.09141452354378998
3467,0.0946912788785994
3468,0.09613684518262744
3469,0.09063725976739079
3470,0.09350819373503327
3471,0.09629036160185933
3472,0.08506457949988544
3473,0.09030905342660844
3474,0.0896674869582057
3475,0.0873242913512513
3476,0.0842896408867091
3477,0.08267706749029458
3478,0.08187698083929718
3479,0.08413527416996658
3480,0.08709005452692509
3481,0.0962707872968167
3482,0.09394740639254451
3483,0.08774632087443024
3484,0.08689371147193015
3485,0.09153944323770702
3486,0.08295371197164059
3487,0.08259036694653332
3488,0.08052542782388628
3489,0.0850809826515615
3490,0.087830341886729
3491,0.09295464656315744
3492,0.10610501258634031
3493,0.0895633198088035
3494,0.0819412536220625
3495,0.09203556389547884
3496,0.08370051870588213
3497,0.08400661428458989
3498,0.0917715230025351
3499,0.08863237034529448
3500,0.08341072034090757
3501,0.09159741690382361
3502,0.10003786161541939
3503,0.10411625425331295
3504,0.10123114578891546
3505,0.0796343453694135
3506,0.08076857996638864
3507,0.08132386102806777
3508,0.08950653043575585
3509,0.08822861651424319
3510,0.08452485559973866
3511,0.09063668013550341
3512,0.08119390555657446
3513,0.09209377248771489
3514,0.09616381698288023
3515,0.10306037496775389
3516,0.09638167649973184
3517,0.09554338257294148
3518,0.0885889520868659
3519,0.08078630024101585
3520,0.09699863713467494
3521,0.09025226975791156
3522,0.09925405471585691
3523,0.09006512863561511
3524,0.10699105681851506
3525,0.10461139015387744
3526,0.1149319694377482
3527,0.11543173086829484
3528,0.10663743002805859
3529,0.09441488923039287
3530,0.09655876376200467
3531,0.13798851217143238
3532,0.09824233304243535
3533,0.08543637883849442
3534,0.08833747473545372
3535,0.08974470512475818
3536,0.09406747506000102
3537,0.09404467698186636
3538,0.11950937553774565
3539,0.12480120937107131
3540,0.09815589152276516
3541,0.08931650593876839
3542,0.08741082949563861
3543,0.09060889412648976
3544,0.08454791468102485
3545,0.08328278991393745
3546,0.08050870872102678
3547,0.08823032467626035
3548,0.08494436484761536
3549,0.08799944538623095
3550,0.08364572329446673
3551,0.0831096451729536
3552,0.08198006777092814
3553,0.1006174513604492
3554,0.08627854275982827
3555,0.0805001079570502
3556,0.07799025904387236
3557,0.09173811110667884
3558,0.10548451892100275
3559,0.0965071214013733
3560,0.08867839386221021
3561,0.08110507647506893
3562,0.08928604668471962
3563,0.08061297214590013
3564,0.1352024800144136
3565,0.19025794393382967
3566,0.5738003597361967
3567,1.1647684071213007
3568,0.9172321553342044
3569,0.3907171324826777
3570,0.1824867764953524
3571,0.11938444571569562
3572,0.11081490386277437
3573,0.09975876100361347
3574,0.09255189436953515
3575,0.09021720360033214
3576,0.10131592792458832
3577,0.08741872513201088
3578,0.09014953230507672
3579,0.0941775010433048
3580,0.08480702969245613
3581,0.08466019888874143
3582,0.08686713431961834
3583,0.08848106721416116
3584,0.09154066373594105
3585,0.10428817861247808
3586,0.09489921596832573
3587,0.08276553865289316
3588,0.08866666350513697
3589,0.08995559217873961
3590,0.10088758554775268
3591,0.10042054741643369
3592,0.07847607939038426
3593,0.09610954276286066
3594,0.09111143625341356
3595,0.10407738760113716
3596,0.08888995158486068
3597,0.08403093530796468
3598,0.08170332596637309
3599,0.08510550111532211
3600,0.0843297007959336
3601,0.08125233137980103
3602,0.08141140826046467
3603,0.08321354468353093
3604,0.08673318161163479
3605,0.08240092638880014
3606,0.08122532395645976
3607,0.07788065751083195
3608,0.07815501559525728
3609,0.07890512852463871
3610,0.07493098429404199
3611,0.08425446134060621
3612,0.08400516642723233
3613,0.07570802653208375
3614,0.08689519320614636
3615,0.08325063181109726
3616,0.08613616786897182
3617,0.08327623159857467
3618,0.08554146031383425
3619,0.09089191001839936
3620,0.08299212867859751
3621,0.07931101508438587
3622,0.0785597717622295
3623,0.079812046373263
3624,0.07815332675818354
3625,0.07739852636586875
3626,0.0813558753579855
3627,0.08400800917297602
3628,0.07959492894588038
3629,0.08561266888864338
3630,0.08658600226044655
3631,0.08028466417454183
3632,0.08070705668069422
3633,0.08101850165985525
3634,0.08568089490290731
3635,0.08350429212441668
3636,0.09352616616524756
3637,0.0893829200649634
3638,0.0951669025234878
3639,0.07809522212482989
3640,0.08132541854865849
3641,0.07927503855898976
3642,0.07881799968890846
3643,0.08063980494625866
3644,0.07968982239253819
3645,0.08357620635069907
3646,0.08770538540557027
3647,0.08154214126989245
3648,0.11216412170324475
3649,0.11838378792162985
3650,0.11506527522578835
3651,0.09639959642663598
3652,0.09185447730123997
3653,0.07845254917629063
3654,0.08943820942658931
3655,0.09483456355519593
3656,0.08531853067688644
3657,0.0808837543008849
3658,0.0764533607289195
3659,0.09626407315954566
3660,0.08540989272296429
3661,0.08611640729941428
3662,0.09105797857046127
3663,0.08769449661485851
3664,0.08069111115764827
3665,0.08594341389834881
3666,0.08718503231648356
3667,0.08924351423047483
3668,0.08956846036016941
3669,0.08417146070860326
3670,0.0794615640770644
3671,0.07606997957918793
3672,0.08006157039199024
3673,0.08404854661785066
3674,0.08451927429996431
3675,0.07970635243691504
3676,0.07587553770281374
3677,0.08143180178012699
3678,0.07762804068624973
3679,0.07901584543287754
3680,0.07815473596565425
3681,0.08455039036925882
3682,0.0821334368083626
3683,0.07828729751054198
3684,0.08089754974935204
3685,0.07609538023825735
3686,0.08787258516531438
3687,0.08096243825275451
3688,0.08968079648911953
3689,0.09001627657562494
3690,0.10627837188076228
3691,0.08513969567138702
3692,0.08133209869265556
3693,0.08545295137446374
3694,0.09672602289356291
3695,0.08889796340372413
3696,0.09551096335053444
3697,0.09280092641711235
3698,0.09109631599858403
3699,0.08988131838850677
3700,0.0857559455325827
3701,0.08275899197906256
3702,0.07749400660395622
3703,0.08181147067807615
3704,0.08339342172257602
3705,0.08905906428117305
3706,0.09496893815230578
3707,0.08399278786964715
3708,0.09302415861748159
3709,0.08611790114082396
3710,0.08829124690964818
3711,0.08613621047697961
3712,0.08474136213771999
3713,0.09134898986667395
3714,0.10688098520040512
3715,0.09210911160334945
3716,0.08424293145071715
3717,0.0870901676826179
3718,0.08855083794333041
3719,0.09337948309257627
3720,0.12091908848378807
3721,0.19318260112777352
3722,0.21631461707875133
3723,0.5898238071240485
3724,1.343173429602757
3725,0.2955480385571718
3726,0.14582427218556404
3727,0.11543651181273162
3728,0.09565070178359747
3729,0.10512679698877037
3730,0.08873544726520777
3731,0.09624838805757463
3732,0.08948863414116204
3733,0.08459309441968799
3734,0.08263575448654592
3735,0.0847190273925662
3736,0.08082783711142838
3737,0.08790724142454565
3738,0.08330726705025882
3739,0.0844281290192157
3740,0.08311716886237264
3741,0.0842115783598274
3742,0.09252088563516736
3743,0.08646687550935894
3744,0.08272927603684366
3745,0.08535585459321737
3746,0.09250739717390388
3747,0.09236422483809292
3748,0.0912461465341039
3749,0.08559500880073756
3750,0.09424801752902567
3751,0.08423719322308898
3752,0.08212031587027013
3753,0.07771500514354557
3754,0.08527873340062797
3755,0.08503738639410585
3756,0.08172716503031552
3757,0.08063555078115314
3758,0.08279588224831969
3759,0.08339335233904421
3760,0.093131193658337
3761,0.08752476889640093
3762,0.08146740216761827
3763,0.07910786266438663
3764,0.07994228799361736
3765,0.08234658429864794
3766,0.08478163368999958
3767,0.08498790336307138
3768,0.07933289802167565
3769,0.08637695759534836
3770,0.07976326090283692
3771,0.08082432870287448
3772,0.08241919905412942
3773,0.08376736787613481
3774,0.1005527839588467
3775,0.09157407865859568
3776,0.0864404272288084
3777,0.08205617032945156
3778,0.08221838786266744
3779,0.0769881559535861
3780,0.08255632361397147
3781,0.08497536065988243
3782,0.07864031859207898
3783,0.08764591050567105
3784,0.09087246051058173
3785,0.08714524144306779
3786,0.07941588200628757
3787,0.08361865754704922
3788,0.08264694735407829
3789,0.08377294824458659
3790,0.0862330486997962
3791,0.08058617275673896
3792,0.07486207922920585
3793,0.07988635241053998
3794,0.08561498636845499
3795,0.091656353790313
3796,0.08658630982972682
3797,0.08375666965730488
3798,0.0960850365809165
3799,0.10302244406193495
3800,0.09867750783450902
3801,0.09840249386616051
3802,0.09900571539765224
3803,0.10393702576402575
3804,0.08526542782783508
3805,0.08314742939546704
3806,0.09452466829679906
3807,0.08822396397590637
3808,0.0769864555913955
3809,0.08143168734386563
3810,0.09065529995132238
3811,0.08993441774509847
3812,0.08204571716487408
3813,0.08874407061375678
3814,0.1032858348917216
3815,0.1030039805918932
3816,0.11648189090192318
3817,0.09797230106778443
3818,0.09961258992552757
3819,0.09125473664607853
3820,0.09626678482163697
3821,0.09949790104292333
3822,0.09838930354453623
3823,0.09231692249886692
3824,0.08579766156617552
3825,0.08355333283543587
3826,0.08226948557421565
3827,0.08503559581004083
3828,0.09400243265554309
3829,0.0855257015209645
3830,0.08342744107358158
3831,0.080305568408221
3832,0.08199741551652551
3833,0.08648954797536135
3834,0.08165944926440716
3835,0.08741625840775669
3836,0.08521643374115229
3837,0.08233315637335181
3838,0.09022987121716142
3839,0.10043937782756984
3840,0.08676517743151635
3841,0.0833858996629715
3842,0.08309646660927683
3843,0.08433246426284313
3844,0.08607329439837486
3845,0.09319980576401576
3846,0.08592709503136575
3847,0.08026487228926271
3848,0.0999329574406147
3849,0.1052077126223594
3850,0.09102576063014567
3851,0.08629032876342535
3852,0.0797610884765163
3853,0.09114988264627755
3854,0.10499239014461637
3855,0.10489874798804522
3856,0.09510759799741209
3857,0.0882596579613164
3858,0.08410145551897585
3859,0.08409831102471799
3860,0.08210763894021511
3861,0.0893359980545938
3862,0.09139312978368253
3863,0.09693382121622562
3864,0.10141839372226968
3865,0.08669461956014857
3866,0.08049313223455101
3867,0.09065876842942089
3868,0.08730756992008537
3869,0.0811540971044451
3870,0.08134546573273838
3871,0.08001635340042412
3872,0.07782731926999986
3873,0.08963806903921068
3874,0.08124980516731739
3875,0.08203584188595414
3876,0.08172754675615579
3877,0.08790308074094355
3878,0.08841176517307758
3879,0.09317427012138069
3880,0.09318981715478003
3881,0.0849623354151845
3882,0.08345053298398852
3883,0.09730007639154792
3884,0.08517235517501831
3885,0.09589358698576689
3886,0.11728416080586612
3887,0.1051134190056473
3888,0.12293968722224236
3889,0.09846488712355494
3890,0.08801030949689448
3891,0.08192339353263378
3892,0.0859781428007409
3893,0.08853320172056556
3894,0.08613877510651946
3895,0.08786231023259461
3896,0.09240630152635276
3897,0.09214424225501716
3898,0.10592348140198737
3899,0.0976956564700231
3900,0.09429327282123268
3901,0.09026471781544387
3902,0.08557561377529055
3903,0.08198201726190746
3904,0.08807942981366068
3905,0.11194685491500422
3906,0.16445598936115857
3907,0.16004495625384152
3908,0.236391746904701
3909,0.1253851482179016
3910,0.10518899653106928
3911,0.09355964628048241
3912,0.09607114573009312
3913,0.08587244409136474
3914,0.08204268524423242
3915,0.08286191907245666
3916,0.09800455532968044
3917,0.0895722343120724
3918,0.08264602720737457
3919,0.08376085688360035
3920,0.10405996802728623
3921,0.08409316395409405
3922,0.08835494180675596
3923,0.08723198901861906
3924,0.08999886165838689
3925,0.08852126158308238
3926,0.08534877374768257
3927,0.10319309157785028
3928,0.13644943106919527
3929,0.11838528397493064
3930,0.089875738020055
3931,0.08273572125472128
3932,0.07855554996058345
3933,0.08255887241102755
3934,0.08538528508506715
3935,0.10175910103134811
3936,0.10395284666446969
3937,0.13954908796586096
3938,2.9357432704418898
3939,0.9168189680203795
3940,0.3377393364207819
3941,0.11723968537990004
3942,0.15722328622359782
3943,0.10555775696411729
3944,0.10982300387695432
3945,0.10656283725984395
3946,0.10087578510865569
3947,0.09952516062185168
3948,0.09712247783318162
3949,0.09003570908680558
3950,0.08946250122971833
3951,0.09046892810147256
3952,0.08840959868393838
3953,0.09047475876286626
3954,0.09855337778571993
3955,0.09497896349057555
3956,0.09539934841450304
3957,0.09318361827172339
3958,0.08795037306845188
3959,0.08769246470183134
3960,0.08694437914527953
3961,0.08883586432784796
3962,0.08585130574647337
3963,0.08892639924306422
3964,0.08641700283624232
3965,0.0848611140390858
3966,0.08966074325144291
3967,0.08875688130501658
3968,0.08436464169062674
3969,0.08815933263394982
3970,0.08940906543284655
3971,0.08961956854909658
3972,0.0868143931729719
3973,0.10308716516010463
3974,0.08471174049191177
3975,0.08479790459387004
3976,0.0828782229218632
3977,0.08386156475171447
3978,0.09069260640535504
3979,0.09268475230783224
3980,0.08605649718083441
3981,0.08297616883646697
3982,0.08166195021476597
3983,0.08374713105149567
3984,0.08369847491849214
3985,0.08272110426332802
3986,0.08135033724829555
3987,0.08121582050807774
3988,0.07905818533618003
3989,0.08709007571451366
3990,0.09298362315166742
3991,0.08676241710782051
3992,0.09042129071895033
3993,0.08167421608231962
3994,0.08256806002464145
3995,0.08245411887764931
3996,0.08486698963679373
3997,0.08134724502451718
3998,0.10132169257849455
3999,0.09066758025437593
4000,0.08796449354849756
4001,0.08462238614447415
4002,0.07937670685350895
4003,0.08083906810497865
4004,0.07908989069983363
4005,0.07882958592381328
4006,0.0771011138567701
4007,0.08136767451651394
4008,0.08362743211910129
4009,0.080463811988011
4010,0.08580138883553445
4011,0.08244018000550568
4012,0.08723633643239737
4013,0.0949218685273081
4014,0.1127938007703051
4015,0.10086990217678249
4016,0.09088887786492705
4017,0.08164199162274599
4018,0.08691310125868767
4019,0.0822215904481709
4020,0.08623569761402905
4021,0.08730177476536483
4022,0.09572598058730364
4023,0.08987579634413123
4024,0.08589601377025247
4025,0.08917207911144942
4026,0.08472562907263637
4027,0.09108550101518631
4028,0.08017757523339242
4029,0.08663198933936656
4030,0.08686905272770673
4031,0.09945951774716377
4032,0.09811451437417418
4033,0.09005769994109869
4034,0.11586971394717693
4035,0.08678105915896595
4036,0.08207424660213292
4037,0.08263229508884251
4038,0.09430258010979742
4039,0.0862350722309202
4040,0.0896929397713393
4041,0.09676083480007946
4042,0.10210296208970249
4043,0.08626890857703984
4044,0.08328588830772787
4045,0.07878373295534402
4046,0.07914895843714476
4047,0.07976835209410638
4048,0.07953488029306754
4049,0.08035176363773644
4050,0.08821974036982283
4051,0.08137717423960567
4052,0.08462970424443483
4053,0.08985331724397838
4054,0.10744520270964131
4055,0.09571634093299508
4056,0.08619955158792436
4057,0.1080875548068434
4058,0.0946393406484276
4059,0.13349277747329324
4060,0.13065493863541633
4061,0.13626536366064101
4062,0.106909045483917
4063,0.08671683154534549
4064,0.07698033645283431
4065,0.09024988568853587
4066,0.09988258709199727
4067,0.09563947527203709
4068,0.08662511338479817
4069,0.08371157723013312
4070,0.0885914956452325
4071,0.2013957400340587
4072,0.12588301918003708
4073,0.09663107141386718
4074,0.09402493620291352
4075,0.09147074969951063
4076,0.11797672230750322
4077,0.0938786210026592
4078,0.09210441232426092
4079,0.0879373416537419
4080,0.09097875538282096
4081,0.08696842903736979
4082,0.08789968956261873
4083,0.08448035165201873
4084,0.08446384407579899
4085,0.08461103204172105
4086,0.08422455913387239
4087,0.09303650597576052
4088,0.10539067420177162
4089,0.08460934925824404
4090,0.08370383479632437
4091,0.08953556697815657
4092,0.09029924171045423
4093,0.10833794716745615
4094,0.1284847297356464
4095,0.10547145106829703
4096,0.08284946554340422
4097,0.09333281347062439
4098,0.089560930384323
4099,0.08811308816075325
4100,0.08707746327854693
4101,0.08979780250228941
4102,0.09837895026430488
4103,0.12513634795323014
4104,0.1464899790007621
4105,0.1478733904659748
4106,0.19657790358178318
4107,0.12149387539830059
4108,0.11082589137367904
4109,0.1012067710980773
4110,0.08353064279071987
4111,0.08947224728763103
4112,0.08266827673651278
4113,0.09110406879335642
4114,0.09278312150854617
4115,0.07827764505054802
4116,0.10025750123895705
4117,0.08910644939169288
4118,0.09025134961120784
4119,0.08281773119233549
4120,0.08199728094041348
4121,0.082327471813187
4122,0.08116436819545925
4123,0.07936772459652275
4124,0.07777784578502178
4125,0.08360969589557499
4126,0.08633157459553331
4127,0.09053186676464975
4128,0.09035721700638533
4129,0.10408350778743625
4130,0.09799249214120209
4131,0.09104512364137918
4132,0.09752029413357377
4133,0.08337002736516297
4134,0.0818102469202131
4135,0.08474462805315852
4136,0.07314279861748219
4137,0.0792589639313519
4138,0.09264600928872824
4139,0.07403736305423081
4140,0.07873681397177279
4141,0.08501966390758753
4142,0.09650374483317137
4143,0.0948283044854179
4144,0.08491455554030836
4145,0.0868135403143242
4146,0.08448698651045561
4147,0.08172620157711208
4148,0.08764049015007913
4149,0.07877108454704285
4150,0.07967421074863523
4151,0.07815424562431872
4152,0.08335226349299774
4153,0.07771536242216825
4154,0.08925140497740358
4155,0.1320360314566642
4156,2.4307151352986693
4157,1.0222858991473913
4158,0.3837063801474869
4159,0.14476462779566646
4160,0.17643403448164463
4161,0.14051787205971777
4162,0.10843199491500854
4163,0.10859860153868794
4164,0.10849362367298454
4165,0.11306028673425317
4166,0.10801757546141744
4167,0.10995793412439525
4168,0.11139853275381029
4169,0.11794120562262833
4170,0.10908849048428237
4171,0.10604162223171443
4172,0.10926062671933323
4173,0.10080641601234674
4174,0.09798336424864829
4175,0.09509136900305748
4176,0.09225815767422318
4177,0.10047214711084962
4178,0.09703134768642485
4179,0.08957264851778746
4180,0.08769038098398596
4181,0.08915817318484187
4182,0.08970219606999308
4183,0.09676463407231495
4184,0.09591268328949809
4185,0.09497867594473064
4186,0.09734060696791857
4187,0.08995009737554938
4188,0.09037960250861943
4189,0.08801999210845679
4190,0.09284229832701385
4191,0.08847819885704666
4192,0.08838332479353994
4193,0.08970051282085478
4194,0.09151706844568253
4195,0.08808925782795995
4196,0.09243836684618145
4197,0.09727335523348302
4198,0.09255111636593938
4199,0.0907238305080682
4200,0.09632757375948131
4201,0.09431206528097391
4202,0.08657981490250677
4203,0.09258422127459198
4204,0.08442273549735546
4205,0.09388204314745963
4206,0.13960914930794388
4207,0.10539145488291979
4208,0.12487922236323357
4209,0.09549693390727043
4210,0.09591597446706146
4211,0.09321539575466886
4212,0.09569113457109779
4213,0.0896951308241114
4214,0.09091815981082618
4215,0.10263251431751996
4216,0.10848309402354062
4217,0.09833368100225925
4218,0.21725990227423608
4219,0.13671316753607243
4220,0.0945845217211172
4221,0.09501591383013874
4222,0.08884894591756165
4223,0.08712049317546189
4224,0.0860691659618169
4225,0.08953845000360161
4226,0.08962413272820413
4227,0.08590003690915182
4228,0.0944194117328152
4229,0.09091208316385746
4230,0.08363752765581012
4231,0.08766603912226856
4232,0.08313235896639526
4233,0.08283146331086755
4234,0.08455798495560884
4235,0.0875155245885253
4236,0.08563585160300136
4237,0.10359822714235634
4238,0.09791093389503658
4239,0.09096464049071074
4240,0.0869980794377625
4241,0.10629044729284942
4242,0.13149454561062157
4243,0.11331448704004288
4244,0.09202566277235746
4245,0.09177823481149971
4246,0.0834113477030769
4247,0.09125722805038095
4248,0.08424614439718425
4249,0.08964524755720049
4250,0.08872442145366222
4251,0.08771421411074698
4252,0.08709147339686751
4253,0.08663887204602361
4254,0.08448368066456169
4255,0.09215483372099698
4256,0.08842325932346284
4257,0.10097552451770753
4258,0.09778073953930289
4259,0.09185381460702047
4260,0.10022783954627812
4261,0.09231498453300446
4262,0.0847035301849246
4263,0.08544766122940928
4264,0.09010267490521073
4265,0.11839801247697324
4266,0.14370603478164412
4267,0.3284197555622086
4268,1.0622466488275677
4269,1.0204191505908966
4270,1.6250775642693043
4271,0.4345693476498127
4272,0.173365896102041
4273,0.11058168020099401
4274,0.09939924394711852
4275,0.09652244811877608
4276,0.1039837667485699
4277,0.10535652562975883
4278,0.09703583410009742
4279,0.09274278581142426
4280,0.08679275098256767
4281,0.10169943392975256
4282,0.09943295130506158
4283,0.08906613709405065
4284,0.09750548703595996
4285,0.09370470535941422
4286,0.09586299501825124
4287,0.08700804191175848
4288,0.10203529568389058
4289,0.09822215436724946
4290,0.09283974941354245
4291,0.08898493205197155
4292,0.08710548980161548
4293,0.08370817010290921
4294,0.08192927815252915
4295,0.08555655716918409
4296,0.08592761924955994
4297,0.08378034341149032
4298,0.0793039936106652
4299,0.083393246633932
4300,0.08277393132448196
4301,0.0893074821215123
4302,0.08204436488449574
4303,0.07878697547130287
4304,0.07860945630818605
4305,0.08070676308125257
4306,0.08017395006027073
4307,0.08943408937193453
4308,0.07964748761150986
4309,0.08338580979034305
4310,0.0817575422115624
4311,0.07633820420596749
4312,0.08489145722705871
4313,0.08435438910964876
4314,0.09173957630991936
4315,0.09035929827950895
4316,0.0817884411662817
4317,0.08579233067575842
4318,0.10105091123841703
4319,0.09157722070813179
4320,0.0812378287082538
4321,0.07884861575439572
4322,0.08093255967833102
4323,0.08694794331677258
4324,0.07960860757157207
4325,0.08617521706037223
4326,0.0977338410448283
4327,0.08276952325832099
4328,0.07900649588555098
4329,0.07782329979818314
4330,0.07901245506945997
4331,0.08176301931962371
4332,0.08420978370122612
4333,0.08041117480024695
4334,0.08197724318597466
4335,0.08406104461755604
4336,0.10082424833672121
4337,0.07900056312792003
4338,0.08467803290113807
4339,0.08194497413933277
4340,0.08210210781544447
4341,0.0755947814323008
4342,0.08291656954679638
4343,0.09189547755522653
4344,0.10351454163901508
4345,0.09638844535220414
4346,0.08336319675436243
4347,0.07821235596202314
4348,0.08505794196389616
4349,0.09461190097499639
4350,0.09285749320406467
4351,0.08237514807842672
4352,0.08394519693683833
4353,0.08089454611763358
4354,0.07820185471791774
4355,0.07827328704297543
4356,0.07930806861259043
4357,0.08735472499392927
4358,0.1092088317964226
4359,0.12263849261216819
4360,0.09068032028153539
4361,0.07873132661916316
4362,0.08457836485467851
4363,0.08566285978304222
4364,0.09824597160331905
4365,0.09166146069765091
4366,0.08209033100865781
4367,0.08574126462917775
4368,0.089769579062704
4369,0.09488594648428261
4370,0.09511651424691081
4371,0.08043968072161078
4372,0.08424908458255231
4373,0.08773283439222723
4374,0.12045566062442958
4375,0.09832394518889487
4376,0.0860311056021601
4377,0.07739101652987301
4378,0.07914610812440515
4379,0.09041218494530767
4380,0.07780023303348571
4381,0.07484577572904527
4382,0.07659596286248416
4383,0.08038538100663573
4384,0.10885091754607856
4385,0.11678690882399678
4386,0.0866432226030156
4387,0.09020480141043663
4388,0.08455643954221159
4389,0.08857798157259822
4390,0.08465398428961635
4391,0.08174372126813978
4392,0.0873214258463122
4393,0.08771423692815006
4394,0.10407175635918975
4395,0.09128786879591644
4396,0.09846892528003082
4397,0.08331093401648104
4398,0.08921015216037631
4399,0.08945391839370131
4400,0.0886762288864702
4401,0.0884344686055556
4402,0.08664265531115234
4403,0.10249899211339653
4404,0.09335876093246043
4405,0.09685537009499967
4406,0.10966244712471962
4407,0.08856443897821009
4408,0.10404688294511288
4409,0.09016781952232122
4410,0.08658318023663014
4411,0.08077250316273421
4412,0.08190265740267932
4413,0.08673430071212351
4414,0.08583885815460235
4415,0.08540983707644045
4416,0.10556723061017692
4417,0.11594511521980166
4418,0.10585785587318242
4419,0.10079285537358373
4420,0.0880918707116507
4421,0.08009216981008649
4422,0.08256954327225685
4423,0.0769165528472513
4424,0.07830571965314448
4425,0.0822949098655954
4426,0.08905090857297182
4427,0.09599944530054927
4428,0.08064260985702276
4429,0.08674329402856529
4430,0.08033515885472298
4431,0.1305836042156443
4432,0.2260341306682676
4433,0.8819478759542108
4434,0.9746377728879452
4435,0.20542314392514527
4436,0.11413953430019319
4437,0.10449541395064443
4438,0.09356954810209572
4439,0.09248247544746846
4440,0.09305588039569557
4441,0.10418227931950241
4442,0.0833713331958279
4443,0.08381418319186196
4444,0.08991846372373402
4445,0.0857614807318896
4446,0.08647024328820407
4447,0.0854301149956882
4448,0.0911612402414903
4449,0.08506979700177908
4450,0.08125916123390198
4451,0.08415000047534704
4452,0.08607429219409823
4453,0.08385338389780372
4454,0.07829404855147004
4455,0.08112157916184515
4456,0.08945112698711455
4457,0.07933916139882058
4458,0.08120488014537841
4459,0.0814583757892251
4460,0.08252775494474918
4461,0.08547514327801764
4462,0.07813801360316575
4463,0.0813741598976776
4464,0.09477568359579891
4465,0.09701469074934721
4466,0.08761978498660028
4467,0.08230233879294246
4468,0.08494786126539111
4469,0.08823648258112371
4470,0.10251716058701277
4471,0.09340747026726604
4472,0.07812711736187339
4473,0.08214980340562761
4474,0.0868052210425958
4475,0.08993177593220025
4476,0.08780264900997281
4477,0.08995329402387142
4478,0.08897338027600199
4479,0.0956391238141805
4480,0.10660696646664292
4481,0.09609301667660475
4482,0.0836103493347764
4483,0.10273795237299055
4484,0.08889404498040676
4485,0.08602800476364791
4486,0.08389379642903805
4487,0.08423669100739062
4488,0.08804387983400375
4489,0.08761213556863368
4490,0.11253125956864096
4491,0.09408828942105174
4492,0.09767489740625024
4493,0.1029668761184439
4494,0.11444401938933879
4495,0.11554948252160102
4496,0.0980577040463686
4497,0.09446743805892766
4498,0.08522153075318784
4499,0.09234604507219046
4500,0.09904432302573696
4501,0.08894893678370863
4502,0.08256347035057843
4503,0.08546113735064864
4504,0.08684886526316404
4505,0.07933661597780883
4506,0.08048914431128651
4507,0.08762125321663916
4508,0.0844954433850944
4509,0.07995849545113742
4510,0.08534370386041701
4511,0.07869745034258813
4512,0.07809103257022798
4513,0.0835379424970597
4514,0.08120912360027432
4515,0.08529870794154704
4516,0.07828363636508584
4517,0.08121520513668656
4518,0.08206569356843829
4519,0.09177585650468245
4520,0.0816318232100457
4521,0.09000329521950334
4522,0.08228752214927226
4523,0.0799071955261752
4524,0.07862631347961724
4525,0.07670751493424177
4526,0.08500364795327187
4527,0.08893928583711386
4528,0.09404976246878505
4529,0.09538060007616878
4530,0.09222258836962283
4531,0.08506300242152065
4532,0.07838763028848916
4533,0.09034298430196941
4534,0.08106719236820936
4535,0.09022963035386056
4536,0.1125377657590434
4537,0.4316021476406604
4538,0.8595482215750962
4539,0.8183600786142051
4540,0.40863695833832026
4541,0.17578867194242775
4542,0.145486488356255
4543,0.09313553909305483
4544,0.09603463881649077
4545,0.1107562375254929
4546,0.09515093197114766
4547,0.09216470934916288
4548,0.0967970893252641
4549,0.08713108021765947
4550,0.08633869735058397
4551,0.09167173295281827
4552,0.08885886357165873
4553,0.09254453703761101
4554,0.09824784134980291
4555,0.0965611133724451
4556,0.09932298515923321
4557,0.08705576381180435
4558,0.08588728855829686
4559,0.08827292616479099
4560,0.08338074921630323
4561,0.08704579842742532
4562,0.08775771572254598
4563,0.10522116045467556
4564,0.0939005627296865
4565,0.08525298174936324
4566,0.08906650939024985
4567,0.09189343196339905
4568,0.08606889541260898
4569,0.08496049046516418
4570,0.08312271581962705
4571,0.0851662983186543
4572,0.08234547055326402
4573,0.09849173238035291
4574,0.0816093843895942
4575,0.0835583710577339
4576,0.09293020248878747
4577,0.08347778720781207
4578,0.08289669337682426
4579,0.08962497755419463
4580,0.09291170281358063
4581,0.08056134136859328
4582,0.08601893344894052
4583,0.09371471928898245
4584,0.08928696485236287
4585,0.08528069220483303
4586,0.0829566908068955
4587,0.0911500861402601
4588,0.08278859755955637
4589,0.080066186375916
4590,0.07880887249484658
4591,0.0969542134553194
4592,0.10167462122626603
4593,0.09232072695158422
4594,0.09781758673489094
4595,0.08671017875894904
4596,0.09180155931971967
4597,0.08537047170102596
4598,0.08591438643634319
4599,0.08665179053787142
4600,0.08281918754801154
4601,0.0859733026009053
4602,0.0982690395321697
4603,0.08620227314531803
4604,0.09458473604172468
4605,0.08207971858792007
4606,0.08277586288750172
4607,0.07895541586913168
4608,0.08303108462132514
4609,0.08426571940071881
4610,0.08133954519871622
4611,0.08592621725983918
4612,0.08206112356856465
4613,0.07902588869910687
4614,0.08985555055551231
4615,0.08319565292913467
4616,0.08246711897663772
4617,0.08378021302632987
4618,0.09763998701237142
4619,0.08250085089821368
4620,0.08707103773485869
4621,0.08739364112261683
4622,0.08940205164253712
4623,0.0988485423149541
4624,0.09836947708390653
4625,0.08521879662293941
4626,0.08616703562438488
4627,0.09229165152646601
4628,0.07860128791071475
4629,0.08500651735812426
4630,0.09356734342873096
4631,0.10059803386684507
4632,0.335805963317398
4633,0.8871369827538729
4634,1.212078014796134
4635,0.39208795689046383
4636,0.19873947906307876
4637,0.10325656738132238
4638,0.1006008277181536
4639,0.10147891938686371
4640,0.09152039815671742
4641,0.11413061042549089
4642,0.10446446062996984
4643,0.10550110507756472
4644,0.09443447866942734
4645,0.08755291462875903
4646,0.09126680577173829
4647,0.10093065164983273
4648,0.0866376250050962
4649,0.09051670774351805
4650,0.09445349569432437
4651,0.0904991168063134
4652,0.09025196777656674
4653,0.0913935051066801
4654,0.08885203581303358
4655,0.08773124299477786
4656,0.08167910994961858
4657,0.0902448717970401
4658,0.09192026394885033
4659,0.09173787338659167
4660,0.10009570908732712
4661,0.10224923607893288
4662,0.11121164355427027
4663,0.10401259071659297
4664,0.09249366295989603
4665,0.09618852124549448
4666,0.09051962045487016
4667,0.10889031842816621
4668,0.08818488282850012
4669,0.09318355307914317
4670,0.08783832797780633
4671,0.08439301641192287
4672,0.0877141437958926
4673,0.0876107756048441
4674,0.08986556553281844
4675,0.09044772456400096
4676,0.08206860395148396
4677,0.08365139248780906
4678,0.08776233554817736
4679,0.10728288209065795
4680,0.0988253632094711
4681,0.09154590906109661
4682,0.086104690679349
4683,0.08431938465218991
4684,0.0839415043592453
4685,0.08579875878058374
4686,0.07834707561414689
4687,0.08042871183715761
4688,0.08859672455582768
4689,0.0805092598311603
4690,0.08124616974964738
4691,0.0815140085760504
4692,0.08989116130396724
4693,0.08225676836445928
4694,0.08240806381218135
4695,0.08063160872552544
4696,0.08445316436700523
4697,0.09093090950045735
4698,0.08386733639054
4699,0.0783795821480453
4700,0.07685209927149117
4701,0.07783005223609507
4702,0.08446278725750744
4703,0.08685311954468489
4704,0.08459097007289529
4705,0.08219831599853933
4706,0.09318482992239296
4707,0.08426996215712279
4708,0.11827040015487
4709,0.10199081269092858
4710,0.08246814063750207
4711,0.09296071482822299
4712,0.08255732175894082
4713,0.0800938147585839
4714,0.09829340782016516
4715,0.08802905608899891
4716,0.08014072675723583
4717,0.09833440103102475
4718,0.0865894069429487
4719,0.10705589019926265
4720,0.10823672753758729
4721,0.10640837717801332
4722,0.11100023100152612
4723,0.09295923251193017
4724,0.09392824687529355
4725,0.08727496908977628
4726,0.07968692865688354
4727,0.07948655157815665
4728,0.07830083626322448
4729,0.08227922196965665
4730,0.0816744613694027
4731,0.08033441822044551
4732,0.08081773272715509
4733,0.08475883741630241
4734,0.09012717357836664
4735,0.10380968265235424
4736,0.08226193580776453
4737,0.10477209079544991
4738,0.08558128052391112
4739,0.08720648405142128
4740,0.09663849277421832
4741,0.08510885084979236
4742,0.08984116360079497
4743,0.09047833806835115
4744,0.0884753973223269
4745,0.08828178700059652
4746,0.09938738355413079
4747,0.08023149473592639
4748,0.0920593913178891
4749,0.09072518444736488
4750,0.08735692291520536
4751,0.08216992917004973
4752,0.09872308967169374
4753,0.08393581351265311
4754,0.08477316051721573
4755,0.08367970690596849
4756,0.09636725252494216
4757,0.0891381743713282
4758,0.08900670555885881
4759,0.11023342702537775
4760,0.13122003409080207
4761,0.08582451893016696
4762,0.08154877688502893
4763,0.08031236892566085
4764,0.08442432491574436
4765,0.08567514282185584
4766,0.08097401750274003
4767,0.07875896361656487
4768,0.07779659214429557
4769,0.07929850614164025
4770,0.08870749466586858
4771,0.11949307221220806
4772,0.1320066872285679
4773,0.135577145149
4774,0.11978877877118066
4775,0.09105631581041962
4776,0.11737354181241244
4777,0.10298516636248678
4778,0.10249942354857922
4779,0.0866083757719025
4780,0.09164649620652199
4781,0.09388332988601178
4782,0.08417356363497674
4783,0.08097725035622716
4784,0.09862117585726082
4785,0.11803750676335767
4786,0.11113081313669682
4787,0.1315358867868781
4788,0.10905305575579405
4789,0.08717319986317307
4790,0.0931560923345387
4791,0.09447497082874179
4792,0.08522238951991312
4793,0.09203406795859337
4794,0.09951689559966326
4795,0.09055523772258312
4796,0.0801293991971761
4797,0.08227411704137921
4798,0.08028379175812006
4799,0.0821126236114651
4800,0.07399310171604156
4801,0.09138207440264523
4802,0.08143984782509506
4803,0.0857049257028848
4804,0.10278983972966671
4805,0.11485474777873605
4806,0.08768323378171772
4807,0.09170346311293542
4808,0.0927779785124585
4809,0.08211614529136568
4810,0.08411279844585806
4811,0.09355808270629495
4812,0.10563189117237926
4813,0.14039212744683027
4814,1.2038146583363414
4815,0.32381037529557943
4816,3.905612730421126
4817,1.0550964241847396
4818,0.9627250172197819
4819,0.5820393688045442
4820,0.2690690131857991
4821,0.13188638736028224
4822,0.10854058526456356
4823,0.0982206896878779
4824,0.12551943585276604
4825,0.11995989776914939
4826,0.09282235556747764
4827,0.09421401377767324
4828,0.10137534164823592
4829,0.09868170320987701
4830,0.08929823781363666
4831,0.08992471278179437
4832,0.09361994080245495
4833,0.09471519873477519
4834,0.09358121792320162
4835,0.10128738777711987
4836,0.08965617651119828
4837,0.09567551594227552
4838,0.10061809211038053
4839,0.09112776326946914
4840,0.09335295669734478
4841,0.09153830562718213
4842,0.08893253724090755
4843,0.08843014296144247
4844,0.08617915434297174
4845,0.08494997431989759
4846,0.09130844927858561
4847,0.08773212728556246
4848,0.09446755354292691
4849,0.08668079762719572
4850,0.08834301820024848
4851,0.09780016541481018
4852,0.09104485949501395
4853,0.08712048246525228
4854,0.08558311616070569
4855,0.08367532421834767
4856,0.09221497434191406
4857,0.08680870104581118
4858,0.08701815200038254
4859,0.08623164379969239
4860,0.087393598863855
4861,0.08525413856841624
4862,0.09379221731796861
4863,0.0845448449254036
4864,0.08978359366301447
4865,0.08585850475355983
4866,0.08797511656302959
4867,0.08503402606584132
4868,0.08273912174627185
4869,0.08722696348559111
4870,0.08767491136677563
4871,0.08881993091199547
4872,0.0938905191142112
4873,0.08579113567247987
4874,0.09137014287989587
4875,0.08858030964620411
4876,0.08772835927084088
4877,0.09352463064715266
4878,0.09826540458016098
4879,0.10072122991550714
4880,0.10007860593032092
4881,0.09035242325626314
4882,0.09278774377889931
4883,0.09280094527639449
4884,0.09368035779334605
4885,0.09178004087880254
4886,0.08759495872072875
4887,0.08430591621436179
4888,0.08414802490733564
4889,0.08902907511219382
4890,0.0907342981081456
4891,0.09160202858038247
4892,0.08458333252929151
4893,0.08698540600016713
4894,0.0908924926770851
4895,0.08226231392472982
4896,0.08533083938527852
4897,0.08890338311903179
4898,0.08248427440412343
4899,0.08513530110940337
4900,0.08789784484542906
4901,0.09404581156559289
4902,0.08502674126066267
4903,0.08505176892504096
4904,0.08814002736471593
4905,0.08320738328620791
4906,0.09680265514180064
4907,0.08652697945944965
4908,0.08580859657377005
4909,0.08619310241192579
4910,0.09160877496469766
4911,0.08627611096017063
4912,0.08485027495771646
4913,0.09080591588281095
4914,0.09699344751425087
4915,0.08902423200197518
4916,0.09391743724700063
4917,0.09427992766723037
4918,0.09690723719540983
4919,0.08721946738660336
4920,0.08993804641067982
4921,0.08623006660491228
4922,0.08684631832875311
4923,0.08575308707077056
4924,0.08407007972709835
4925,0.08533354662358761
4926,0.08438780205324292
4927,0.0844332817941904
4928,0.08496697223745286
4929,0.08293475187383592
4930,0.08689624816179276
4931,0.08938193833455443
4932,0.0875271501718089
4933,0.08315216260962188
4934,0.09498455177526921
4935,0.08270707819610834
4936,0.08342637435998768
4937,0.08291502855718136
4938,0.08016953361220658
4939,0.09543301747180521
4940,0.09171544085256755
4941,0.09490815119352192
4942,0.08866971964016557
4943,0.08443715563043952
4944,0.08887807151768357
4945,0.08447715674992651
4946,0.08716291422024369
4947,0.08339476003311574
4948,0.08237123338039964
4949,0.08339461870491505
4950,0.09295340289827436
4951,0.08505178976338357
4952,0.0817857722286135
4953,0.08571096323430538
4954,0.08478672662749887
4955,0.10526742844376713
4956,0.09564285329543054
4957,0.09078914043493569
4958,0.10608938161749393
4959,0.09542555059306324
4960,0.0818066131323576
4961,0.08417373313568532
4962,0.08396297809667885
4963,0.08360216324217618
4964,0.08419688302092254
4965,0.08690903440583497
4966,0.08708875556476414
4967,0.0782204617280513
4968,0.09560863277874887
4969,0.09711764613166451
4970,0.08296327851712704
4971,0.08092372678220272
4972,0.08874067617580295
4973,0.09248409036081284
4974,0.0836033180821687
4975,0.08361166529357433
4976,0.08093103731516749
4977,0.08868736564181745
4978,0.0948279295116663
4979,0.08206199621781707
4980,0.0984255438670516
4981,0.15299206040799618
4982,0.1703705124091357
4983,1.2699897364946082
4984,0.9163681862410158
4985,1.4889087118208408
4986,0.6235365914180875
4987,0.31775756599381566
4988,0.12881126208230853
4989,0.09890485880896449
4990,0.08709601894952357
4991,0.0900214514695108
4992,0.08884682646021247
4993,0.09028931660577655
4994,0.08671043417416513
4995,0.08470025728456676
4996,0.08300598920322955
4997,0.08545647212304175
4998,0.0822637026431039
4999,0.08334387792274356
5000,0.0814323021331802
5001,0.0835810445714742
5002,0.08450697897933424
5003,0.08756307675503194
5004,0.08336476085241884
5005,0.09102615155279636
5006,0.09101233480032533
5007,0.09184766514226794
5008,0.09200128738302737
5009,0.09620259492658079
5010,0.10649538761936128
5011,0.10007219412364066
5012,0.09411492245271802
5013,0.12506518070586026
5014,0.09465031023137271
5015,0.08762601134367287
5016,0.08481129223946482
5017,0.08043660980183631
5018,0.08252039167564362
5019,0.08156546438112855
5020,0.08726501860655844
5021,0.0796953672543168
5022,0.08069183537736535
5023,0.08128226269036531
5024,0.08813192695379257
5025,0.09102410834748298
5026,0.08120383671484888
5027,0.07977583259344101
5028,0.08149507758207619
5029,0.08052293991204351
5030,0.08161680120974779
5031,0.07990216324105859
5032,0.08201300364453346
5033,0.07772703329101205
5034,0.07620301563292742
5035,0.08699471794534475
5036,0.07991243037395179
5037,0.08266720990650356
5038,0.08044246339704841
5039,0.08966661640442908
5040,0.08015925972722471
5041,0.0870858549606055
5042,0.07605087046977133
5043,0.08708060276694596
5044,0.08068093680776656
5045,0.08178517781198025
5046,0.08172394847497344
5047,0.10485138662625104
5048,0.0924625564366579
5049,0.0780595961259678
5050,0.07934005185961723
5051,0.08192648109979928
5052,0.07874086336232722
5053,0.08008062676526606
5054,0.07589396694675088
5055,0.079538784455508
5056,0.08191782678477466
5057,0.09093446470797062
5058,0.08543371874839067
5059,0.07951068168040365
5060,0.0827176715247333
5061,0.07726064254529774
5062,0.08024672535248101
5063,0.08124081161804497
5064,0.07670011348091066
5065,0.08033650717698038
5066,0.08873821282759309
5067,0.08137225173413754
5068,0.08216174715198576
5069,0.07804180914536119
5070,0.07494215038605034
5071,0.08521490299608558
5072,0.08199284714646637
5073,0.08825031749438494
5074,0.11343400273472071
5075,0.08564514480531216
5076,0.0855751468334347
5077,0.07759175088722259
5078,0.07438639434985816
5079,0.07866446569096297
5080,0.07608082704246044
5081,0.08157365908846259
5082,0.09790142241399735
5083,0.13595618144609034
5084,0.09800366498529911
5085,0.0965266136918217
5086,0.07983504724688828
5087,0.08245700143743306
5088,0.08121162664610893
5089,0.08289132686331868
5090,0.08417666051536798
5091,0.08519519097171724
5092,0.08287795190699399
5093,0.0938579459907487
5094,0.10911192174535245
5095,0.10405759303830564
5096,0.11015872401185334
5097,0.10104738012887537
5098,0.08734996221028268
5099,0.09288092656061053
5100,0.08664130396209657
5101,0.08324454189278185
5102,0.07879934355150908
5103,0.08720574364997447
5104,0.09416505927219987
5105,0.08649785630404949
5106,0.07489639613777399
5107,0.07430352189112455
5108,0.07972861616872251
5109,0.08654079679399729
5110,0.08690966572612524
5111,0.09046468860469759
5112,0.12458184850402176
5113,0.09799684269819409
5114,0.0817585684126243
5115,0.09519037848804146
5116,0.07960720802657306
5117,0.08777206426020712
5118,0.0843118263874203
5119,0.07778427051380277
5120,0.07673584227450192
5121,0.07695761928334832
5122,0.08078378834761679
5123,0.11189757660031319
5124,0.10413017100654542
5125,0.1005086051300168
5126,0.08820108883082867
5127,0.0792873241007328
5128,0.08935042098164558
5129,0.09876224119216204
5130,0.08216841728426516
5131,0.08260849327780306
5132,0.08914613898377866
5133,0.09173296892549843
5134,0.10601023270282894
5135,0.1063561835908331
5136,0.09119821607600898
5137,0.08497179695405066
5138,0.11295895627699792
5139,0.16528419428505003
5140,0.14806651743128896
5141,0.10506736161187291
5142,0.08213523623999208
5143,0.08230432192794979
5144,0.09363292064517736
5145,0.09694643772672862
5146,0.09468957758508623
5147,0.0840312079526484
5148,0.0818601199425757
5149,0.09391033323481679
5150,0.10719171317759901
5151,0.08429504069499671
5152,0.08651361602824181
5153,0.08002457045949996
5154,0.07951128133572638
5155,0.08424697758164257
5156,0.08063264680095017
5157,0.07862890418618917
5158,0.0895699302200228
5159,0.08208041684702039
5160,0.08143521170131862
5161,0.07791364542208612
5162,0.08336365828290582
5163,0.08801184222102165
5164,0.0936036390485242
5165,0.08235912816599011
5166,0.09355361491907388
5167,0.08810460031963885
5168,0.09367883333470672
5169,0.11211110814474523
5170,0.15642941324040294
5171,0.1399186432827264
5172,0.08148433524183929
5173,0.07971399021334946
5174,0.07717250287532806
5175,0.08074056752957404
5176,0.07898375566583127
5177,0.07811716268770397
5178,0.08126722811721265
5179,0.08532852760981768
5180,0.07998897740617394
5181,0.09038042789325118
5182,0.07969065627548844
5183,0.08314467885065824
5184,0.0774959905538708
5185,0.0843149134889245
5186,0.07992668240331113
5187,0.0743967907037586
5188,0.07663496944587678
5189,0.07495057862251997
5190,0.07649712753482163
5191,0.08104151394218206
5192,0.08099128305912018
5193,0.08528962940908968
5194,0.09526731143705547
5195,0.08475221536355093
5196,0.08405098377261311
5197,0.0821463183965534
5198,0.07904325262643397
5199,0.08051076461561024
5200,0.08471301919780672
5201,0.07809992181137204
5202,0.07695456594228745
5203,0.07856232835911214
5204,0.07675797841511667
5205,0.10574806993827224
5206,0.10278034472139552
5207,0.1643482488580048
5208,0.17416020564269274
5209,0.33283026167191565
5210,0.7692756368778646
5211,0.3104271312477067
5212,0.11911993403919041
5213,0.09312388399848714
5214,0.09055581875145435
5215,0.0947004952467978
5216,0.09182009776122868
5217,0.0871948751155287
5218,0.08576781651936471
5219,0.0859960364177823
5220,0.08205441478639841
5221,0.09335126855876297
5222,0.08632868225686252
5223,0.0836804979480803
5224,0.0844947227742523
5225,0.08771447674371302
5226,0.0857812991598621
5227,0.08287517307326198
5228,0.08383012819103897
5229,0.08281492337118834
5230,0.10758188413456082
5231,0.10074397595599294
5232,0.09350594424176961
5233,0.0870938969310373
5234,0.08869938482530415
5235,0.08142117084935308
5236,0.07739936583675444
5237,0.0839471216313541
5238,0.08186691231094301
5239,0.0839848907198757
5240,0.0809800901915878
5241,0.08108399179764092
5242,0.08801929361652583
5243,0.07854991685599089
5244,0.08185289660468698
5245,0.0915159557480365
5246,0.10443993436638266
5247,0.09453507617581636
5248,0.08921080711297691
5249,0.07937677716836333
5250,0.0838583146687597
5251,0.10374389938078821
5252,0.10641078418120742
5253,0.10320195101667196
5254,0.0931435382226482
5255,0.09479528875090182
5256,0.1317082050954923
5257,0.09126061096321791
5258,0.09540528862271458
5259,0.08818910433910787
5260,0.0953344056615606
5261,0.0849426242057234
5262,0.08820751181337982
5263,0.08744622254744172
5264,0.08726525469683111
5265,0.09506384935230017
5266,0.0905030018184334
5267,0.10601197776850313
5268,0.1002976426971145
5269,0.08729501266498119
5270,0.08938186266459525
5271,0.08899332012515515
5272,0.08501302485819906
5273,0.08367457904387265
5274,0.07815897837281227
5275,0.09106730530038476
5276,0.08713325997814536
5277,0.08722917339764535
5278,0.0851805149577558
5279,0.08782578364480287
5280,0.09773595014121383
5281,0.09738143824506551
5282,0.15459824027493596
5283,0.3688367777504027
5284,0.7154746034066193
5285,1.999996111728251
5286,0.5417823747266084
5287,0.21229220094392076
5288,0.10267183289397508
5289,0.10219055996276438
5290,0.10349949123337865
5291,0.13592910789884627
5292,0.13108829082921147
5293,0.08895467093680054
5294,0.10328295966610312
5295,0.10913743358105421
5296,0.08770633884705603
5297,0.08464344020467252
5298,0.08183951210230589
5299,0.08571726642549038
5300,0.07621325645595789
5301,0.08541967114433646
5302,0.08255327236838639
5303,0.08023299113847315
5304,0.08845130912959576
5305,0.08315267891157418
5306,0.08066650934051722
5307,0.07835329067893326
5308,0.07785305054858327
5309,0.08560700376983732
5310,0.08114605490118265
5311,0.0903419170062989
5312,0.0781398550607264
5313,0.07701861555688083
5314,0.07483765593497083
5315,0.07901976525317878
5316,0.07876412605401129
5317,0.0935871196561493
5318,0.07994083943776786
5319,0.0790989778470248
5320,0.07678624894469976
5321,0.07504099165089428
5322,0.08165741385892034
5323,0.07655981567222625
5324,0.07384682074189186
5325,0.07641696720384061
5326,0.07992742280475795
5327,0.07472472370136529
5328,0.09115780319552869
5329,0.0811156986746937
5330,0.07791847316548228
5331,0.07548567862249911
5332,0.07477940269745886
5333,0.07760849164333194
5334,0.0824819632107392
5335,0.08608866389840841
5336,0.08088036719709635
5337,0.08027903723996133
5338,0.07898978050798178
5339,0.07838569488376379
5340,0.08912701974622905
5341,0.08222668233793229
5342,0.07782320817932487
5343,0.08382736332714558
5344,0.08683588937856257
5345,0.08052648149896413
5346,0.09502691589295864
5347,0.07623012596741319
5348,0.07470113929593936
5349,0.07696072175167501
5350,0.08298591733910143
5351,0.08431840396951884
5352,0.10413406288716942
5353,0.09865885495673865
5354,0.09265586081892252
5355,0.08210168522782624
5356,0.08302725059911609
5357,0.08220149099361151
5358,0.07594170165248215
5359,0.07784888951573521
5360,0.08387761353515089
5361,0.08178799832239747
5362,0.07857686385978013
5363,0.076922413893044
5364,0.08766554784961045
5365,0.08639352140016854
5366,0.08167923509608954
5367,0.08042683964595199
5368,0.08841589279472828
5369,0.08269209135323763
5370,0.07721118407789618
5371,0.07551056798547506
5372,0.0773372333496809
5373,0.07788692740723491
5374,0.07583504123613238
5375,0.07919531856896356
5376,0.09970642300322652
5377,0.0890083434060216
5378,0.08778641407843679
5379,0.08035980327986181
5380,0.08082232507877052
5381,0.07840676279738545
5382,0.07919947663322091
5383,0.07739250571466982
5384,0.075701262219809
5385,0.07633293885737658
5386,0.08220434095710516
5387,0.08705758466385305
5388,0.08012412674725056
5389,0.08837845595553517
5390,0.10238247970119119
5391,0.1983605995774269
5392,0.7992929727770388
5393,1.1292407964356244
5394,0.30566083802841604
5395,0.5256941991392523
5396,0.30766543466597795
5397,0.20842726808041334
5398,0.1607766831293702
5399,0.11432620376581326
5400,0.11372326593846083
5401,0.11166788404807448
5402,0.0963180138496682
5403,0.09917764167767018
5404,0.08886650262866169
5405,0.09799186489544809
5406,0.10380084440112114
5407,0.09909436525776982
5408,0.08776618982665241
5409,0.09568645525723696
5410,0.0904633617028594
5411,0.09871914307586849
5412,0.09541747742332518
5413,0.09551530820317566
5414,0.09557032317388803
5415,0.09007266839034855
5416,0.08678695629350841
5417,0.08783010963816196
5418,0.10448354040272534
5419,0.09111509867943823
5420,0.09448514902032912
5421,0.08806453552097082
5422,0.0924315385054797
5423,0.08694872562773526
5424,0.08320309850387275
5425,0.09147439897060394
5426,0.08285215543583035
5427,0.09112837875727564
5428,0.08653548022266477
5429,0.08858244586735964
5430,0.08284260961227119
5431,0.08406090084463358
5432,0.08885650511365384
5433,0.0985016223276034
5434,0.08354464708827436
5435,0.08374307898338884
5436,0.08348829986061901
5437,0.09032865753397346
5438,0.0890100464457646
5439,0.09489720885176212
5440,0.08327634376473725
5441,0.08502121304627508
5442,0.08489790325984359
5443,0.0849428087240085
5444,0.08267249539494514
5445,0.08044061495456845
5446,0.0824520664755255
5447,0.08650298812426627
5448,0.08639989490620792
5449,0.08647143852431327
5450,0.0868895729072392
5451,0.08060623181518167
5452,0.08206608914770186
5453,0.08754951448645443
5454,0.0921786503167823
5455,0.08201474859379232
5456,0.08476812113076448
5457,0.14153528097085655
5458,0.1180194211192429
5459,0.12853057240135968
5460,0.1007560360012576
5461,0.08706994890235364
5462,0.0853576899971813
5463,0.08443395211361349
5464,0.08564775600098073
5465,0.0825520243961364
5466,0.1253774631768465
5467,0.0970060566905886
5468,0.08626496407669038
5469,0.08262378990184516
5470,0.07829336822032928
5471,0.08102868555579334
5472,0.08081596088595688
5473,0.08056334196589887
5474,0.08153053827118129
5475,0.0868158065713942
5476,0.08142243861220777
5477,0.10678464022930712
5478,0.11329408478923142
5479,0.09977963578421623
5480,0.08549439022317529
5481,0.09001689031720161
5482,0.08415085403248668
5483,0.08319734234828502
5484,0.0968139881733805
5485,0.09352750633843243
5486,0.08818253129720688
5487,0.08279006951488554
5488,0.0802103440510109
5489,0.08201121306046844
5490,0.08616529661230743
5491,0.09316052839858457
5492,0.08786946441978216
5493,0.07967123109847307
5494,0.07868082029744983
5495,0.07860277430154383
5496,0.08218134322669357
5497,0.0915409749140963
5498,0.08515623956918716
5499,0.078831183956936
5500,0.07737063965760171
5501,0.08594820322468877
5502,0.08212005998939276
5503,0.08185353502631187
5504,0.08221810264512897
5505,0.07824199681635946
5506,0.07578309369273484
5507,0.07717467844486237
5508,0.07793425826821476
5509,0.08413531561382115
5510,0.07912066276185215
5511,0.07997611095197499
5512,0.09044618112966418
5513,0.081282798666507
5514,0.08427220839075744
5515,0.08922158600762486
5516,0.10625408071791753
5517,0.09886499540880322
5518,0.14429655950516462
5519,0.29974522814154625
5520,1.534924459643662
5521,0.8289751864504069
5522,0.45297234784811735
5523,0.17907645623199642
5524,0.10897428181488067
5525,0.1189306816086173
5526,0.10462433728389442
5527,0.08970841980772093
5528,0.08903316361829638
5529,0.09223098657093942
5530,0.08909558970481157
5531,0.09298081113956869
5532,0.08853643503971398
5533,0.0842634973814711
5534,0.08467429166194052
5535,0.09226943738758564
5536,0.089426884369459
5537,0.08542753802612424
5538,0.08414269494824111
5539,0.08296421496197581
5540,0.08383894269354641
5541,0.08529763855040073
5542,0.08392490644473583
5543,0.08515970222651958
5544,0.08497199998237193
5545,0.08672611927613616
5546,0.08217004407197237
5547,0.08633594261482358
5548,0.08933341247029603
5549,0.08624001289717853
5550,0.08098473027348518
5551,0.07951372931711376
5552,0.08227089210413396
5553,0.08305373962502927
5554,0.07834816072136164
5555,0.08419893821701407
5556,0.08245944208465517
5557,0.08642327203415334
5558,0.08217963553033769
5559,0.08151304174680263
5560,0.08820462902076542
5561,0.08695155882742256
5562,0.08690065005794168
5563,0.09902446414344013
5564,0.10072033782489598
5565,0.10555508290417492
5566,0.08423349494114518
5567,0.08880012517329305
5568,0.08310674142558128
5569,0.08256186509970576
5570,0.07871512940619141
5571,0.08182556089013815
5572,0.0786314548458904
5573,0.08122644270770252
5574,0.07973793731071055
5575,0.09827654110267758
5576,0.09095796290785074
5577,0.09256864502094686
5578,0.07996260467916727
5579,0.08013956982176751
5580,0.07764351449441165
5581,0.08338873228058219
5582,0.07840309361927211
5583,0.08257692132610828
5584,0.07875519781373441
5585,0.0761737481225282
5586,0.07875320664606988
5587,0.08265168080106378
5588,0.07967881509102881
5589,0.08628928172402084
5590,0.08018909255042672
5591,0.138668674393557
5592,0.11163867637515068
5593,0.11534349783323705
5594,0.08638562564738095
5595,0.08113873784895986
5596,0.08513809507712722
5597,0.0828729507047683
5598,0.0838513015769422
5599,0.09889232087880373
5600,0.1321064936928451
5601,0.12000669760163873
5602,0.09225027170032263
5603,0.0878812859300524
5604,0.08215236198157072
5605,0.08928744110744447
5606,0.08377359516452998
5607,0.07726511848159134
5608,0.07783654017839581
5609,0.08256617095321417
5610,0.07806657534092665
5611,0.07934799743816257
5612,0.08068716886918992
5613,0.08209176966920495
5614,0.08503961423411965
5615,0.08595824392978102
5616,0.0818050466477871
5617,0.08032652013935149
5618,0.07984719553496689
5619,0.07646956574171782
5620,0.08011054689995944
5621,0.0867495295824483
5622,0.08659075608011335
5623,0.0991135761141777
5624,0.08449592744000256
5625,0.07702883670572191
5626,0.07946038956288248
5627,0.08083461783826351
5628,0.08884246449451894
5629,0.09934967127628624
5630,0.0897323286626488
5631,0.09112786687910557
5632,0.10798857803456485
5633,0.10210813605226576
5634,0.11879583797417581
5635,0.1104086737614125
5636,0.09060620306991041
5637,0.08745803113561124
5638,0.08068333694245666
5639,0.0911759122973308
5640,0.08428359916433692
5641,0.07959289406426251
5642,0.07846359279938042
5643,0.07929691066965461
5644,0.07953467546030879
5645,0.08068812172859907
5646,0.07465358218178153
5647,0.07927196240052581
5648,0.08898006519302726
5649,0.08885798486880958
5650,0.12441765679977834
5651,0.12254707119427621
5652,0.3899692993145436
5653,0.18384288146626204
5654,0.2076593223027885
5655,0.1309948667185381
5656,0.19254645286127925
5657,0.8961760042002425
5658,0.5450359281530837
5659,0.3862006163690239
5660,0.21956668864004314
5661,0.22748419316485524
5662,0.11035129381343722
5663,0.11857696797233075
5664,0.10618898295797408
5665,0.09276542253792286
5666,0.09222370362840593
5667,0.09407160920090973
5668,0.08622012159321457
5669,0.08725858479738235
5670,0.08599478518590331
5671,0.08482938166707754
5672,0.08530279551632702
5673,0.08409204636700451
5674,0.08123707899358124
5675,0.08765028975903988
5676,0.10991760366596282
5677,0.09758750337641686
5678,0.09334179875440896
5679,0.08632231620140374
5680,0.0867445741314441
5681,0.08463469531852752
5682,0.08889144822023809
5683,0.08489832258783281
5684,0.08931579464115202
5685,0.08135397243313491
5686,0.08285174414049834
5687,0.08341576112434268
5688,0.08190777548588812
5689,0.08615265158005059
5690,0.08058848383370787
5691,0.084722911240533
5692,0.08223551628179848
5693,0.07999303308315575
5694,0.08073497982695699
5695,0.08404335810337216
5696,0.08291953010484576
5697,0.08357333007734269
5698,0.08613326086197048
5699,0.08172433683648705
5700,0.08070344058796763
5701,0.07875661016441882
5702,0.08096537331584841
5703,0.08731096191331744
5704,0.08776216860860586
5705,0.08201903174631298
5706,0.07727109547704458
5707,0.07986627460923046
5708,0.07790741615463048
5709,0.0829278549645096
5710,0.08623272669501603
5711,0.08219247520901263
5712,0.08069177833385766
5713,0.08551418618299067
5714,0.07778317155316472
5715,0.08019777003210038
5716,0.08732636575587094
5717,0.08290139748714864
5718,0.08244431228376925
5719,0.08625570847652853
5720,0.08731232513673604
5721,0.08751744613982737
5722,0.09634611709043384
5723,0.09021771140396595
5724,0.10072433878667653
5725,0.08938538213260472
5726,0.08500645472668111
5727,0.08090838196221739
5728,0.09190953709185123
5729,0.08851032704114914
5730,0.07907306938432157
5731,0.0786027277354151
5732,0.0793863587314263
5733,0.07780386437661946
5734,0.07944313460029662
5735,0.07553407829254866
5736,0.07534401374869049
5737,0.07579859404359013
5738,0.08120874862652272
5739,0.07606239093001932
5740,0.07670898654032499
5741,0.07944471621885896
5742,0.08329546765889972
5743,0.07996860495768487
5744,0.08282767399214208
5745,0.07946683967020363
5746,0.08055624784901738
5747,0.08195278001949191
5748,0.07888677110895514
5749,0.07857013709144667
5750,0.08073495957069099
5751,0.09114867332391441
5752,0.10216296662110835
5753,0.08735899813473225
5754,0.09700307296589017
5755,0.09338414226658642
5756,0.08923204382881522
5757,0.08326535578817129
5758,0.07796198106370866
5759,0.08058205130510032
5760,0.07894564396701753
5761,0.08257941144984215
5762,0.08379801642149687
5763,0.08907328778877854
5764,0.0942205287865363
5765,0.11368296225555241
5766,0.0838555982336402
5767,0.09198268654290587
5768,0.08475888974498957
5769,0.10180226585362107
5770,0.09544505912344903
5771,0.09919009206350893
5772,0.12841788429068401
5773,0.12958123296266422
5774,0.09437588509172201
5775,0.08980513806454837
5776,0.10902615694794804
5777,0.10164385393727571
5778,0.09310940525028855
5779,0.0910313306376338
5780,0.08457170240581036
5781,0.08221114298794419
5782,0.07619879941921681
5783,0.08129556244239211
5784,0.08986582327634096
5785,0.09365964261814952
5786,0.08978580823168159
5787,0.11415086151100695
5788,0.10976649075746536
5789,0.08419285831041634
5790,0.08186866925098002
5791,0.08007862186059356
5792,0.07905230717733502
5793,0.07663996028713882
5794,0.07855631061829627
5795,0.07918025960680097
5796,0.07763806078583002
5797,0.07984703278634697
5798,0.081814079079777
5799,0.08517759386450052
5800,0.07794611097779125
5801,0.08989895193371922
5802,0.1291321946773678
5803,0.11603209096938372
5804,0.12969376659020782
5805,0.0829519780818373
5806,0.09092833433533087
5807,0.09345944551751018
5808,0.10064161848276854
5809,0.09019985946360976
5810,0.08380849880632013
5811,0.08228123257867992
5812,0.08041279413737357
5813,0.09024701174348593
5814,0.08716207544784993
5815,0.08210460655391216
5816,0.09288183628814295
5817,0.10389164125081152
5818,0.09651581849902868
5819,0.13712332560680807
5820,0.15236920898314565
5821,0.4940410942072049
5822,0.29036176088266075
5823,0.3304424915695563
5824,0.23185707163065672
5825,0.10154161718674004
5826,0.08476928784511983
5827,0.08453599573113024
5828,0.0962290596216917
5829,0.09988715447252616
5830,0.08402778720483184
5831,0.09655143902637064
5832,0.09341791667975485
5833,0.11104473518207669
5834,0.09162175352685153
5835,0.08999695407692343
5836,0.09885376715101302
5837,0.08450204564724118
5838,0.08597045269561931
5839,0.07832494238391519
5840,0.08410831133369356
5841,0.08176347520202398
5842,0.08519019628874958
5843,0.08711593016050756
5844,0.08318602596409619
5845,0.09039674687664956
5846,0.07630575948860496
5847,0.08354155416600406
5848,0.08092268905602396
5849,0.0812170363496989
5850,0.08487105881795287
5851,0.09459796140436083
5852,0.08452077861875296
5853,0.0885845657903701
5854,0.106247489573434
5855,0.11014585359953344
5856,0.08704094763379544
5857,0.08570400346070528
5858,0.07732258702162653
5859,0.11180334590608254
5860,0.11607360356720164
5861,0.09477931435685605
5862,0.0846839074511081
5863,0.07870022230781615
5864,0.07817127311136574
5865,0.0849153877934441
5866,0.08881861285772175
5867,0.11930702195968479
5868,0.09450402605580166
5869,0.14304708619602025
5870,0.1543350056745112
5871,0.11931170150637627
5872,0.10388397029601038
5873,0.10952044138684869
5874,0.09761165408417583
5875,0.09387305960990489
5876,0.08862919686362147
5877,0.09721341612748802
5878,0.08838813006877899
5879,0.07938745734281838
5880,0.08183383650612086
5881,0.08258073939941823
5882,0.08618592005223036
5883,0.08682441577548161
5884,0.08326299581676722
5885,0.07924602273851633
5886,0.0802298285998404
5887,0.08118346706032753
5888,0.08468585694208741
5889,0.08961857738904655
5890,0.11551859439350665
5891,0.10072316089645028
5892,0.07990592997521162
5893,0.07876801304519176
5894,0.08081063942518085
5895,0.08933914289809763
5896,0.10245780891273171
5897,0.13364579726476222
5898,0.09244138863869011
5899,0.08998815523227677
5900,0.08631841733586043
5901,0.10093310684897006
5902,0.09856993082212284
5903,0.0813615950755775
5904,0.08075263909995556
5905,0.07714894623495638
5906,0.09322918660473078
5907,0.083117826259695
5908,0.07915354846045375
5909,0.0823336208704859
5910,0.07511108019389212
5911,0.07649961416609585
5912,0.07904112874530256
5913,0.08229649439454079
5914,0.09565394406672567
5915,0.08343701437115669
5916,0.08375300059560686
5917,0.08358145505189896
5918,0.08043685398297384
5919,0.10320625803433359
5920,0.08431547111831605
5921,0.15007669664919376
5922,0.9615366589277983
5923,0.5657135507790372
5924,0.3691421856347006
5925,2.3174352888017893
5926,1.972480027936399
5927,0.31527611520141363
5928,0.3279134160839021
5929,0.20020258089061826
5930,0.16456751781515777
5931,0.14433416863903403
5932,0.11008712905459106
5933,0.0951173712965101
5934,0.10286790854297578
5935,0.10016573290340602
5936,0.09511880273930728
5937,0.0940225156955421
5938,0.09049734170548618
5939,0.0908177891978994
5940,0.10050148679874837
5941,0.09440002555493265
5942,0.10174758662469685
5943,0.09250734327360988
5944,0.09057602169923484
5945,0.08524770522490144
5946,0.08916746219620109
5947,0.08583583869040012
5948,0.08731482736766338
5949,0.08450840431032702
5950,0.08065928681753576
5951,0.08704217057675123
5952,0.08325774292461574
5953,0.08924801531247795
5954,0.08510482124984264
5955,0.07973717292770743
5956,0.08747906889766455
5957,0.08630948979407549
5958,0.08955519914161414
5959,0.08115311875008047
5960,0.08475321112200618
5961,0.08819696924183518
5962,0.0867478046566248
5963,0.08995852875523269
5964,0.08332268218509853
5965,0.08320420351810753
5966,0.08036526478827
5967,0.08023082336876541
5968,0.07764386059716344
5969,0.07473236485384405
5970,0.08241726027335972
5971,0.0777149349451065
5972,0.07864601467736065
5973,0.07845696620643139
5974,0.08047904865816236
5975,0.081498570041731
5976,0.07861936278641224
5977,0.08051827072631568
5978,0.08537210174836218
5979,0.07861747895367444
5980,0.07759738294407725
5981,0.07804172486066818
5982,0.08154694235417992
5983,0.07690560107585043
5984,0.07476061617489904
5985,0.07473063026554883
5986,0.08051904034800828
5987,0.07941861683502793
5988,0.0750940078869462
5989,0.07504653697833419
5990,0.08543514157645404
5991,0.07614881423069164
5992,0.0799561720341444
5993,0.079199114930816
5994,0.07356853247620165
5995,0.07755747181363404
5996,0.07646838505752385
5997,0.08511158905457705
5998,0.0862116392236203
5999,0.08667211956344545
6000,0.09841894661076367
6001,0.1003777364094276
6002,0.10633282019989565
6003,0.09494850633200258
6004,0.08824170823208988
6005,0.08867274806834757
6006,0.09082604025024921
6007,0.0758886793628335
6008,0.07973672705702484
6009,0.0833594046998769
6010,0.09959271317347884
6011,0.1051570144481957
6012,0.08144882915075868
6013,0.07966918731108308
6014,0.08152098138816655
6015,0.07762563927099109
6016,0.07548196008428931
6017,0.07482219929806888
6018,0.07629669737070799
6019,0.07978233881294727
6020,0.07225725729949772
6021,0.08512460789643228
6022,0.08123228850308806
6023,0.08321909164078534
6024,0.08502315497025847
6025,0.07736755511723459
6026,0.07396542467176914
6027,0.07693243824178353
6028,0.08326102304272354
6029,0.08424454042688012
6030,0.07789246900938451
6031,0.08239466324448586
6032,0.08189588785171509
6033,0.1140879763988778
6034,0.10129034798592329
6035,0.0807948678266257
6036,0.07609951193444431
6037,0.07792760781012475
6038,0.08035069738980383
6039,0.07688815868459642
6040,0.08925372478552163
6041,0.0888218937907368
6042,0.08289402804803103
6043,0.08578485087491572
6044,0.07887025945819914
6045,0.07842965936288238
6046,0.08306682447437197
6047,0.08878079813439399
6048,0.0771873309276998
6049,0.07607236760668457
6050,0.07856134721077979
6051,0.07839334988966584
6052,0.08127825031988323
6053,0.07857652369420975
6054,0.07478972407989204
6055,0.07552157260943204
6056,0.07292695669457316
6057,0.07871692324988544
6058,0.07640178920701146
6059,0.07412369409576058
6060,0.08340054214932024
6061,0.07786971877794713
6062,0.07747930713230744
6063,0.0793057787232101
6064,0.08920467412099242
6065,0.09955623524729162
6066,0.10360256489366293
6067,0.09205195977119729
6068,0.08872853603679687
6069,0.09532544622197747
6070,0.08057077403645962
6071,0.08028231473872438
6072,0.07615032233297825
6073,0.08276309620123357
6074,0.08120995201170444
6075,0.10033962910529226
6076,0.08415568911004812
6077,0.08208277949597687
6078,0.08370570768602192
6079,0.09350458555854857
6080,0.1853296251501888
6081,0.1479875836521387
6082,0.10374582791700959
6083,0.09217468067072332
6084,0.08680588856805116
6085,0.08152291062287986
6086,0.08110290649347007
6087,0.08334946690592915
6088,0.08601638744585216
6089,0.09871329134330153
6090,0.12315918947570026
6091,0.12068550125695765
6092,0.116627455689013
6093,0.12046771869063377
6094,0.08954955579247326
6095,0.07997219020035118
6096,0.0843800634611398
6097,0.08982519595883787
6098,0.08688999526202679
6099,0.0865413888823241
6100,0.08970245718955994
6101,0.09414552431553602
6102,0.09059350844472647
6103,0.0857911049388349
6104,0.08916616265196353
6105,0.07636131416074932
6106,0.08446532022207975
6107,0.07541390520054847
6108,0.08136997348628938
6109,0.08367523469496518
6110,0.10112916852813214
6111,0.10496523580513895
6112,0.08478895062580705
6113,0.0835606714244932
6114,0.08207161375321448
6115,0.09386649320367724
6116,0.0913049450609833
6117,0.10632143868133426
6118,0.08192302286624908
6119,0.07798186503350735
6120,0.08439204632304609
6121,0.07697321637533605
6122,0.07969900651369244
6123,0.09095006354618818
6124,0.12473597330972552
6125,0.1132918018847704
6126,0.08525371737778187
6127,0.0896211366634816
6128,0.10598519642371684
6129,0.08349939377512783
6130,0.09083221014589071
6131,0.09668880421668291
6132,0.08543234085664153
6133,0.07800451875664294
6134,0.08153442537877709
6135,0.08047101926058531
6136,0.08332976757083088
6137,0.08497497928328812
6138,0.08103103330358863
6139,0.07585688075050712
6140,0.08316345210187137
6141,0.09150087600573897
6142,0.08852045168168843
6143,0.11141468305140734
6144,0.10439205984584987
6145,0.09974093548953533
6146,0.10017296276055276
6147,6.591502201743424
6148,7.968645449727774
6149,1.5206837467849255
6150,0.3603039584122598
6151,0.1748689936939627
6152,0.1129192590015009
6153,0.11995678767561913
6154,0.10508122411556542
6155,0.09772061090916395
6156,0.09193680458702147
6157,0.09638922777958214
6158,0.10141428234055638
6159,0.09952802723273635
6160,0.09842239646241069
6161,0.09272877406328917
6162,0.09063581982627511
6163,0.09003011346794665
6164,0.0894756258931011
6165,0.09403679356910288
6166,0.10164248896762729
6167,0.09509213059209287
6168,0.09816076781135052
6169,0.0946342651732266
6170,0.09299061470665038
6171,0.09455625154078007
6172,0.1010579994181171
6173,0.10386529890820384
6174,0.09470064332708716
6175,0.09869176987558603
6176,0.088469750713557
6177,0.09330791665706784
6178,0.09864974627271295
6179,0.09391826996579766
6180,0.09121413296088576
6181,0.0892392408568412
6182,0.09404172527138144
6183,0.11504158773459494
6184,0.0956239621154964
6185,0.10477086750324816
6186,0.08976404974237084
6187,0.09404235589317977
6188,0.09056259249337018
6189,0.08501381753012538
6190,0.09608791244681925
6191,0.10184980276972055
6192,0.09504361788276583
6193,0.09672060166485608
6194,0.08858041849453002
6195,0.0917733097448945
6196,0.09546553227119148
6197,0.09320857841521502
6198,0.10278708790428936
6199,0.09521838836371899
6200,0.09778874460607767
6201,0.0899904880207032
6202,0.09339888906106353
6203,0.09632141282781959
6204,0.11602873122319579
6205,0.09601991134695709
6206,0.09953462751582265
6207,0.09499226091429591
6208,0.09984883153811097
6209,0.10259963106364012
6210,0.09633088507689536
6211,0.09462618012912571
6212,0.09479587874375284
6213,0.08974140067584813
6214,0.08926283731125295
6215,0.08931811584625393
6216,0.08558508893474936
6217,0.08827094500884414
6218,0.08516969904303551
6219,0.11392772197723389
6220,0.10804038308560848
6221,0.09357748017646372
6222,0.08865311031695455
6223,0.0897406708681956
6224,0.09052597754634917
6225,0.10512020415626466
6226,0.11306660337140784
6227,0.11979671171866357
6228,0.10385074326768517
6229,0.10494092421140522
6230,0.09174203174188733
6231,0.10917152580805123
6232,0.08965915557928383
6233,0.08985709794797003
6234,0.09398970194160938
6235,0.08449487120378762
6236,0.08972930628806353
6237,0.1035047797486186
6238,0.10909546143375337
6239,0.09197410102933645
6240,0.08597316523082554
6241,0.08582994621247053
6242,0.08656176005024463
6243,0.08931923238560557
6244,0.10242452239617705
6245,0.09744835610035807
6246,0.09494925034232438
6247,0.08834679890424013
6248,0.09421591472346336
6249,0.10347031359560788
6250,0.10311135608935729
6251,0.09444393217563629
6252,0.09565324755385518
6253,0.09959259221795946
6254,0.0886072893626988
6255,0.0881848563440144
6256,0.10184993641451001
6257,0.0904536247253418
6258,0.09317191201262176
6259,0.09329462866298854
6260,0.11094805505126715
6261,0.08728525065816939
6262,0.10556595760863274
6263,0.16027908283285797
6264,0.11491682007908821
6265,0.09067168761976063
6266,0.09453859535278752
6267,0.1087309387512505
6268,0.11959626362659037
6269,0.0956253653857857
6270,0.08699044049717486
6271,0.0872254332061857
6272,0.09206167072989047
6273,0.10853525530546904
6274,0.11631248006597161
6275,0.10272572562098503
6276,0.09455617517232895
6277,0.08716142736375332
6278,0.08455726341344416
6279,0.08607122953981161
6280,0.09069928503595293
6281,0.08105884760152549
6282,0.08740336121991277
6283,0.08391561964526772
6284,0.09190473146736622
6285,0.10719436313956976
6286,0.13803048222325742
6287,0.11566151713486761
6288,0.12316446308977902
6289,0.0885233988519758
6290,0.08721763454377651
6291,0.09528112644329667
6292,0.08828244870528579
6293,0.0861450971569866
6294,0.09348156279884279
6295,0.09015756414737552
6296,0.09239163692109287
6297,0.08644672483205795
6298,0.0845372206531465
6299,0.08850915066432208
6300,0.09039399307221174
6301,0.10787330009043217
6302,0.10356059577316046
6303,0.08949033240787685
6304,0.08725443948060274
6305,0.08509520604275167
6306,0.08659202768467367
6307,0.08626933232881129
6308,0.08715975645463914
6309,0.09826496231835335
6310,0.08693226519972086
6311,0.08596638788003474
6312,0.0876250914297998
6313,0.09064699755981565
6314,0.09579556644894183
6315,0.09099386248271912
6316,0.08214652957394719
6317,0.08194978605024517
6318,0.08820151281543076
6319,0.08820893336087465
6320,0.0812104765791446
6321,0.08489711687434465
6322,0.07988627324812114
6323,0.08198458477272652
6324,0.08985521725844592
6325,0.08504381112288684
6326,0.09548421879298985
6327,0.09428686066530645
6328,0.11768345965538174
6329,0.09977623447775841
6330,0.0967275972943753
6331,0.09289327240549028
6332,0.08438199176453054
6333,0.08369470460456796
6334,0.08603146788664162
6335,0.0878542261198163
6336,0.09401151014026254
6337,0.09893160569481552
6338,0.0863342008087784
6339,0.0888838532846421
6340,0.09410813823342323
6341,0.0990190205629915
6342,0.09264944947790354
6343,0.09585750446422026
6344,0.09043776104226708
6345,0.09138852776959538
6346,0.08820673916488886
6347,0.08220079820603132
6348,0.0831695010419935
6349,0.0835940798278898
6350,0.0888284055981785
6351,0.08309713145717978
6352,0.08395198243670166
6353,0.0814154155086726
6354,0.0782017067540437
6355,0.07892267522402108
6356,0.08160794409923255
6357,0.09224775061011314
6358,0.0829089421313256
6359,0.08765689842402935
6360,0.09115560504142195
6361,0.09975219261832535
6362,0.09656647290103137
6363,0.0853803118225187
6364,0.08584869105834514
6365,0.08564230822958052
6366,0.08321371278725564
6367,0.08710532018449157
6368,0.10683012614026666
6369,0.0877185023855418
6370,0.08615165622904897
6371,0.08595964056439698
6372,0.07949755666777492
6373,0.08281754865311086
6374,0.08679728605784476
6375,0.10244112508371472
6376,0.12584043864626437
6377,0.09989693271927536
6378,0.11163124674931169
6379,0.09968637651763856
6380,0.08751274913083762
6381,0.11307788058184087
6382,0.09651917847804725
6383,0.09498228249140084
6384,0.09173959703184664
6385,0.08545538550242782
6386,0.09675098024308681
6387,0.08359187003225088
6388,0.08459699805825949
6389,0.08060487068723887
6390,0.07863838854245842
6391,0.09274813416413963
6392,0.08965840050950646
6393,0.12512723309919238
6394,0.11017061490565538
6395,0.1289395462954417
6396,0.27238157246029004
6397,2.0486475316574797
6398,1.3585762055590749
6399,0.5427173839416355
6400,0.31705774809233844
6401,0.1543792742304504
6402,0.10724185453727841
6403,0.09651802596636117
6404,0.11177666473668069
6405,0.10072166239842772
6406,0.09524058899842203
6407,0.08841449208557606
6408,0.09319299086928368
6409,0.09296732733491808
6410,0.09604167868383229
6411,0.0968831954523921
6412,0.09030249470379204
6413,0.08740133349783719
6414,0.08845635910984129
6415,0.09298206097446382
6416,0.09151525050401688
6417,0.09218707343097776
6418,0.09040627325884998
6419,0.08748471830040216
6420,0.08738544932566583
6421,0.08722158812452108
6422,0.08547431929036975
6423,0.0853005254175514
6424,0.08320058905519545
6425,0.08682407881133258
6426,0.08595478720963001
6427,0.08416726149152964
6428,0.08613565191626549
6429,0.08737881830893457
6430,0.09832579526118934
6431,0.084229790372774
6432,0.08505977434106171
6433,0.0855558777693659
6434,0.08607310242950916
6435,0.08900066837668419
6436,0.09186251752544194
6437,0.0888944179750979
6438,0.08856028248555958
6439,0.08388848882168531
6440,0.0870074424892664
6441,0.0898333394434303
6442,0.08923945220885798
6443,0.10376769775757566
6444,0.10121161467395723
6445,0.09094349283259362
6446,0.08645766926929355
6447,0.08228818874340504
6448,0.08447032247204334
6449,0.08602950046770275
6450,0.09121490828692913
6451,0.08170989574864507
6452,0.08162664901465178
6453,0.0805963083403185
6454,0.09451428527245298
6455,0.09218762209638953
6456,0.08246081392280757
6457,0.0959581914357841
6458,0.08599004038842395
6459,0.08161755616310984
6460,0.08569334680214524
6461,0.08004232635721564
6462,0.08997856266796589
6463,0.08189638459589332
6464,0.08971775532700121
6465,0.08906235219910741
6466,0.08977259276434779
6467,0.09336531371809542
6468,0.08688861597329378
6469,0.0835992144420743
6470,0.08633668255060911
6471,0.08289543236605823
6472,0.08411705528851599
6473,0.08248508907854557
6474,0.07914428669027984
6475,0.1000768959056586
6476,0.11153797036968172
6477,0.09927213564515114
6478,0.08209228294435889
6479,0.08373622107319534
6480,0.08130264445208013
6481,0.07920056732837111
6482,0.07803262281231582
6483,0.08952666202094406
6484,0.08676523203030229
6485,0.08081625681370497
6486,0.07687179371714592
6487,0.08186036837287247
6488,0.0819545682752505
6489,0.08908698800951242
6490,0.08337590587325394
6491,0.09043880132958293
6492,0.09756473498418927
6493,0.0859192437492311
6494,0.07736685546115041
6495,0.08518192265182734
6496,0.08624440466519445
6497,0.08962038764730096
6498,0.08464300306513906
6499,0.08596155559644103
6500,0.0928356524091214
6501,0.09983223699964583
6502,0.0972792524844408
6503,0.10429300158284605
6504,0.10428265575319529
6505,0.09346017125062644
6506,0.09096604562364519
6507,0.0817814760375768
6508,0.08311150223016739
6509,0.07873759302310646
6510,0.08097750484012067
6511,0.09014845709316432
6512,0.08038328285329044
6513,0.08522421424277127
6514,0.08473422913812101
6515,0.09026300231926143
6516,0.08640667353756726
6517,0.0882952818647027
6518,0.08998473745305091
6519,0.08112179057206959
6520,0.09196602809242904
6521,0.10384177113883197
6522,0.084419768943917
6523,0.08531372458674014
6524,0.07955121668055654
6525,0.08055963832885027
6526,0.08296703500673175
6527,0.0968892911914736
6528,0.08570792386308312
6529,0.08593789744190872
6530,0.09014495788142085
6531,0.0871384060010314
6532,0.09406955866143107
6533,0.09377785818651319
6534,0.09440707473549992
6535,0.08546895533800125
6536,0.07723898603580892
6537,0.08427357766777277
6538,0.07735952758230269
6539,0.08664121851325035
6540,0.08702145610004663
6541,0.0832132410723716
6542,0.08490871055983007
6543,0.0933784709777683
6544,0.08944002853240818
6545,0.09482680656947196
6546,0.09821499814279377
6547,0.11254930775612593
6548,0.10725955350790173
6549,0.08780375635251403
6550,0.08042614604346454
6551,0.11737078172154725
6552,0.12331315106712282
6553,0.14513490430545062
6554,0.14347913197707385
6555,0.09263735043350607
6556,0.089389723027125
6557,0.08599234418943524
6558,0.08611469506286085
6559,0.10636942193377763
6560,0.13553209998644888
6561,0.12367301702033728
6562,0.48566265823319554
6563,0.852749761659652
6564,1.8039178578183055
6565,0.5147624216042459
6566,0.24640420638024807
6567,0.1364959073252976
6568,0.12466676323674619
6569,0.13173918513348326
6570,0.09674191265366971
6571,0.0957093343604356
6572,0.09405395365320146
6573,0.09394520497880876
6574,0.09813600708730519
6575,0.10560678644105792
6576,0.10044057853519917
6577,0.0981351938098669
6578,0.09394775214605033
6579,0.09793822537176311
6580,0.09693626035004854
6581,0.09463694458827376
6582,0.09668382932431996
6583,0.10141855548135936
6584,0.09207883896306157
6585,0.0960476528853178
6586,0.0929638099623844
6587,0.0963518307544291
6588,0.09360169491264969
6589,0.09663852141238749
6590,0.08993055787868798
6591,0.09040913986973464
6592,0.09251470328308642
6593,0.0894965841434896
6594,0.10303410072810948
6595,0.09417255339212716
6596,0.09310648730024695
6597,0.09093699103686959
6598,0.09639377286657691
6599,0.09035811549983919
6600,0.08635258977301419
6601,0.0856144429417327
6602,0.09399623004719615
6603,0.08717919152695686
6604,0.09452812001109123
6605,0.09132472611963749
6606,0.0880287978798151
6607,0.08684304158668965
6608,0.08818245329894125
6609,0.08548585325479507
6610,0.08674092043656856
6611,0.08859333954751492
6612,0.08463490568101406
6613,0.0853368251118809
6614,0.08376314165070653
6615,0.09081166097894311
6616,0.0872452303301543
6617,0.08532760653179139
6618,0.09377305302768946
6619,0.10976696317084134
6620,0.09201279003173113
6621,0.09647393471095711
6622,0.08367017726413906
6623,0.09033882594667375
6624,0.08512227120809257
6625,0.08339600288309157
6626,0.08872568362858146
6627,0.08637921302579343
6628,0.0797567528206855
6629,0.08634151541627944
6630,0.0819336287677288
6631,0.082796192727983
6632,0.08822049002628773
6633,0.09559879917651415
6634,0.0879172055865638
6635,0.08978121832478791
6636,0.09005346812773496
6637,0.08223936916328967
6638,0.09564283542567864
6639,0.09009215491823852
6640,0.08741806319449097
6641,0.0839373265625909
6642,0.07994867896195501
6643,0.0786313267890364
6644,0.07826889026910067
6645,0.08281038457062095
6646,0.08411400427576154
6647,0.0799691166030243
6648,0.08312153478618711
6649,0.08613242686260492
6650,0.08272619731724262
6651,0.08726645400747657
6652,0.09526833961717784
6653,0.0910122332861647
6654,0.08342283067759126
6655,0.0859773128759116
6656,0.08914103941060603
6657,0.0872458175290376
6658,0.08517596940509975
6659,0.08231687161605805
6660,0.0768503446597606
6661,0.090432059019804
6662,0.08593917288817465
6663,0.08507120423018932
6664,0.0896564566064626
6665,0.09151182463392615
6666,0.19620272377505898
6667,0.14335894072428346
6668,0.12992717721499503
6669,0.1296990659320727
6670,0.11714080953970551
6671,0.12975572515279055
6672,0.09848114429041743
6673,0.09368901292327791
6674,0.09241145069245249
6675,0.08090513478964567
6676,0.0856994641944766
6677,0.09150556824170053
6678,0.09837908390909433
6679,0.08889511926099658
6680,0.10406861500814557
6681,0.07858756487257779
6682,0.0837716362439096
6683,0.08081616275012493
6684,0.08475870173424482
6685,0.09241762518649921
6686,0.08764963963767514
6687,0.08436215901747346
6688,0.07726475689560175
6689,0.07989986427128315
6690,0.08613815857097507
6691,0.1097857088316232
6692,0.09288660599850118
6693,0.08027981477789581
6694,0.09524323849473149
6695,0.09986871690489352
6696,0.08401904930360615
6697,0.07807786879129708
6698,0.08403647900559008
6699,0.09439573623239994
6700,0.0803055118303746
6701,0.07781128224451095
6702,0.08565574663225561
6703,0.08285163773689419
6704,0.0827809686306864
6705,0.08950117451604456
6706,0.08464872871991247
6707,0.08033422322478145
6708,0.07943528355099261
6709,0.08071587863378227
6710,0.08889324776828289
6711,0.08443964831531048
6712,0.08574821543879807
6713,0.09449822478927672
6714,0.0906695123994723
6715,0.09618616668740287
6716,0.08172052260488272
6717,0.07889164134394377
6718,0.09044818975962698
6719,0.08383617375511676
6720,0.09552716952748597
6721,0.10258219204843044
6722,0.1077839860226959
6723,0.08387934300117195
6724,0.09104001766536385
6725,0.08592181885614991
6726,0.08996041130740196
6727,0.10259618703275919
6728,0.086344936164096
6729,0.08669429214205593
6730,0.0821075685089454
6731,0.08021852816455066
6732,0.08876129088457674
6733,0.08098360919393599
6734,0.0846394298132509
6735,0.096593675785698
6736,0.08233649272006005
6737,0.07751494948752224
6738,0.08330312045291066
6739,0.09747348050586879
6740,0.17791115451836959
6741,0.11360873864032328
6742,0.09646890824660659
6743,0.08759827038738877
6744,0.08234995574457571
6745,0.07811261294409633
6746,0.08620152110233903
6747,0.08577036275528371
6748,0.08804872422479093
6749,0.08611476968508214
6750,0.08124075143132359
6751,0.07968988321954384
6752,0.08877350087277591
6753,0.15314038321957923
6754,0.929258193122223
6755,0.9170793406665325
6756,1.326708064880222
6757,0.7962135702837259
6758,0.1677013680455275
6759,0.20286362757906318
6760,0.11614481848664582
6761,0.09408878837712109
6762,0.08968817337881774
6763,0.10079939872957766
6764,0.11615198547951877
6765,0.1228262959048152
6766,0.09047423349693418
6767,0.09614422242157161
6768,0.10702322819270194
6769,0.09497524832841009
6770,0.0947292506461963
6771,0.09926722105592489
6772,0.09217225783504546
6773,0.082589530502446
6774,0.08154215640388429
6775,0.08021121460478753
6776,0.08133652666583657
6777,0.07923027372453362
6778,0.08004770032130182
6779,0.0804845467209816
6780,0.08193440781906247
6781,0.08495835249777883
6782,0.08048978878650814
6783,0.07479466707445681
6784,0.08478352951351553
6785,0.09566030092537403
6786,0.07875678141135722
6787,0.0778369689360261
6788,0.08445154991932213
6789,0.09675111761316657
6790,0.09653373993933201
6791,0.08802322717383504
6792,0.10411565424874425
6793,0.08601527765858918
6794,0.08272167982067913
6795,0.09308998181950301
6796,0.09854305803310126
6797,0.08686913503333926
6798,0.0824578576721251
6799,0.08244164963252842
6800,0.08326889778254554
6801,0.08269625576213002
6802,0.08534524973947555
6803,0.09742951393127441
6804,0.08618451748043299
6805,0.07947659428464249
6806,0.08813464164268225
6807,0.09269944485276937
6808,0.09202198218554258
6809,0.0874725099420175
6810,0.0801151655614376
6811,0.07949894916964695
6812,0.07751142792403698
6813,0.08589277742430568
6814,0.08105825074017048
6815,0.07773133274167776
6816,0.08062327560037374
6817,0.08356863004155457
6818,0.09556763037107885
6819,0.14553292910568416
6820,0.09978305432014167
6821,0.08526589581742883
6822,0.10364610352553427
6823,0.08756628422997892
6824,0.09976485976949334
6825,0.0965338587993756
6826,0.09463408845476806
6827,0.09282949496991932
6828,0.09304993529804051
6829,0.09804144792724401
6830,0.09364045923575759
6831,0.08389149699360132
6832,0.08036221074871719
6833,0.08327989839017391
6834,0.0927404947578907
6835,0.08042036206461489
6836,0.07770771952345967
6837,0.07981641823425889
6838,0.08286251639947295
6839,0.08046094235032797
6840,0.0760858184657991
6841,0.07934603188186884
6842,0.07687772414647043
6843,0.07998405199032277
6844,0.0969994948245585
6845,0.08572576032020152
6846,0.09082895168103278
6847,0.07730614661704749
6848,0.09616690091206692
6849,0.36305107781663537
6850,2.825679275672883
6851,1.2708472581580281
6852,0.8852490577846766
6853,0.3770372052676976
6854,0.1988371191546321
6855,0.1715935051906854
6856,0.11705014039762318
6857,0.09403663245029747
6858,0.09699279011692852
6859,0.10257771797478199
6860,0.0939965310972184
6861,0.09330710687208921
6862,0.09419289405923337
6863,0.091632115887478
6864,0.10320117743685842
6865,0.09714337706100196
6866,0.08970726793631911
6867,0.08971398347057402
6868,0.08854184043593705
6869,0.08991397335194051
6870,0.09153650130610913
6871,0.08669524407014251
6872,0.09015678451396525
6873,0.08840587455779314
6874,0.09068452403880656
6875,0.08728305622935295
6876,0.0875757378526032
6877,0.08524842699989676
6878,0.0854028380708769
6879,0.08399031241424382
6880,0.08392620261292905
6881,0.08488712250255048
6882,0.08673673856537789
6883,0.0902408252004534
6884,0.08845996810123324
6885,0.09193128696642816
6886,0.08747875830158591
6887,0.08310078945942223
6888,0.08348626387305558
6889,0.08902299462351948
6890,0.08548764465376735
6891,0.08283711178228259
6892,0.08649639412760735
6893,0.09059565770439804
6894,0.08547020831611007
6895,0.09202189045026898
6896,0.08476148103363812
6897,0.08286689943633974
6898,0.0933680385351181
6899,0.09040796174667776
6900,0.09004157676827163
6901,0.08575756882783026
6902,0.08708728884812444
6903,0.0901537467725575
6904,0.0822373244445771
6905,0.08377794781699777
6906,0.08406853198539466
6907,0.0816375301219523
6908,0.08339727716520429
6909,0.08320974104572088
6910,0.08549508010037243
6911,0.08942021033726633
6912,0.0862586417933926
6913,0.09154125628992915
6914,0.08983340440317988
6915,0.08480162103660405
6916,0.08458678936585784
6917,0.08250959892757237
6918,0.08636049809865654
6919,0.08460072451271117
6920,0.08233595895580947
6921,0.08472593640908599
6922,0.08377009257674217
6923,0.08088727155700326
6924,0.08184413285925984
6925,0.08331204974092543
6926,0.08805531519465148
6927,0.0896906154230237
6928,0.09904600295703858
6929,0.11667272658087313
6930,0.1048218582291156
6931,0.08625485375523567
6932,0.08578838023822755
6933,0.087872005533427
6934,0.08220412652008235
6935,0.09064358018804342
6936,0.09542209189385176
6937,0.08497732388786972
6938,0.08519310504198074
6939,0.0818440462462604
6940,0.0899498873623088
6941,0.08320551621727645
6942,0.08214051905088127
6943,0.08477533352561295
6944,0.08515132497996092
6945,0.08495321800000966
6946,0.08660441916435957
6947,0.08276668493635952
6948,0.08098724763840437
6949,0.08151689940132201
6950,0.07876761863008142
6951,0.08228909643366933
6952,0.08064660429954529
6953,0.08165214885957539
6954,0.08262942312285304
6955,0.08122487587388605
6956,0.08061898173764348
6957,0.08576161554083228
6958,0.0876888707280159
6959,0.08150187786668539
6960,0.0864565335214138
6961,0.08208829013165087
6962,0.09822676959447563
6963,0.08398201561067253
6964,0.08241893351078033
6965,0.08944813092239201
6966,0.0816225630696863
6967,0.07723551290109754
6968,0.08518784772604704
6969,0.09487729100510478
6970,0.08231462771072984
6971,0.08443183172494173
6972,0.07985771761741489
6973,0.0837627574801445
6974,0.08967871172353625
6975,0.09221979673020542
6976,0.09415914840064943
6977,0.09119115537032485
6978,0.09992631408385932
6979,0.08745114644989371
6980,0.0808234738651663
6981,0.08501722302753478
6982,0.08125713746994734
6983,0.09139042650349438
6984,0.09331189433578402
6985,0.07868800987489522
6986,0.0892709008185193
6987,0.08856852073222399
6988,0.09381995454896241
6989,0.1059170161606744
6990,0.11134470836259425
6991,0.08837640099227428
6992,0.09502448164857924
6993,0.11833307228516787
6994,0.16606697323732078
6995,0.1523704135324806
6996,0.15050952299498022
6997,0.10101258126087487
6998,0.08580621052533388
6999,0.09073032182641327
7000,0.09377816435880959
7001,0.0889038760215044
7002,0.09616275544976816
7003,0.08840582240372896
7004,0.08766089961864054
7005,0.0800600154325366
7006,0.07966974470764399
7007,0.0812716397922486
7008,0.07698800135403872
7009,0.08037213166244328
7010,0.0828848029486835
7011,0.07903185265604407
7012,0.08619198470842093
7013,0.08633073139935732
7014,0.08396553411148489
7015,0.08482849318534136
7016,0.08452312764711678
7017,0.08491828222759068
7018,0.08432329655624926
7019,0.08741838729474694
7020,0.10495007992722094
7021,0.0903372410684824
7022,0.1138875555479899
7023,0.0997990716714412
7024,0.09536349098198116
7025,0.09978664363734424
7026,0.08781728846952319
7027,0.08233711868524551
7028,0.1141027130652219
7029,0.12638226349372417
7030,0.11848945473320782
7031,0.12916469015181065
7032,0.10782168887089938
7033,0.09398072632029653
7034,0.08594494394492358
7035,0.09111423592548817
7036,0.09235705062747002
7037,0.08786301338113844
7038,0.08767797308973968
7039,0.08739739732118323
7040,0.0914550048764795
7041,0.10451420256868005
7042,0.10602680826559663
7043,0.08695154380984604
7044,0.08643957343883812
7045,0.10091484116856009
7046,0.16533742332831025
7047,0.1101093152537942
7048,0.46909353940282017
7049,2.3193223401904106
7050,1.4350310387089849
7051,0.2141958624124527
7052,0.1463319780305028
7053,0.10262701846659184
7054,0.12090701097622514
7055,0.11521385796368122
7056,0.0956177175976336
7057,0.09604497160762548
7058,0.10611760604660958
7059,0.10813182429410517
7060,0.10242731950711459
7061,0.09649382415227592
7062,0.10384334460832179
7063,0.09573203977197409
7064,0.10544451151508838
7065,0.10221566259860992
7066,0.09419272083323449
7067,0.08888446248602122
7068,0.08993237116374075
7069,0.08592412807047367
7070,0.08600184053648263
7071,0.0892826747149229
7072,0.09444427187554538
7073,0.09336032043211162
7074,0.0892161155352369
7075,0.08946605771780014
7076,0.08770453208126128
7077,0.0845691750291735
7078,0.08607073698658496
7079,0.09101267950609326
7080,0.08083946083206683
7081,0.08687213773373514
7082,0.08545826422050595
7083,0.08355176402255893
7084,0.0832157515687868
7085,0.08408738789148629
7086,0.08250027615576982
7087,0.08232846017926931
7088,0.0846374825341627
7089,0.08827464678324759
7090,0.09341215970925987
7091,0.08750296989455819
7092,0.08311409340240061
7093,0.08194340066984296
7094,0.08518641703994945
7095,0.08892687945626676
7096,0.08810884784907103
7097,0.08497139159590006
7098,0.08313971478492022
7099,0.081450559431687
7100,0.08561404922511429
7101,0.09389778668992221
7102,0.08641923195682466
7103,0.07817407965194434
7104,0.1007032273337245
7105,0.09193835174664855
7106,0.09242305089719594
7107,0.08363387593999505
7108,0.08104236237704754
7109,0.08335550082847476
7110,0.08303411304950714
7111,0.085204784758389
7112,0.08329205180052668
7113,0.08007935434579849
7114,0.08310239156708121
7115,0.08671870664693415
7116,0.08270387898664922
7117,0.08005345414858311
7118,0.08449694304727018
7119,0.0836624241201207
7120,0.0998255021404475
7121,0.10045011714100838
7122,0.08297634113114327
7123,0.08357601915486157
7124,0.08194800280034542
7125,0.08294969331473112
7126,0.08737550769001245
7127,0.0788146445993334
7128,0.07963117095641792
7129,0.0785867334343493
7130,0.09105110564269125
7131,0.08506630198098719
7132,0.08145615051034838
7133,0.07965361420065165
7134,0.08407799317501485
7135,0.0863534223753959
7136,0.08114318433217704
7137,0.08754243399016559
7138,0.08598207286559045
7139,0.10244610632071272
7140,0.08307610312476754
7141,0.09326190408319235
7142,0.08648251625709236
7143,0.0940668904222548
7144,0.09138953150250018
7145,0.0848353150067851
7146,0.08877060399390757
7147,0.08514897990971804
7148,0.0861121672205627
7149,0.08108007302507758
7150,0.08383482799399644
7151,0.08149589959066361
7152,0.07951863436028361
7153,0.08002324029803276
7154,0.0822735340334475
7155,0.0938530988059938
7156,0.08340288896579295
7157,0.10694124992005527
7158,0.09807022870518267
7159,0.09748550836229697
7160,0.08038997277617455
7161,0.08207646268419921
7162,0.08479389827698469
7163,0.08410961669869721
7164,0.07797284168191254
7165,0.09845901222433895
7166,0.11210179916815832
7167,0.1773944825399667
7168,0.1256742186669726
7169,0.09411172836553305
7170,0.09701415768358856
7171,0.10255261417478323
7172,0.09253191284369677
7173,0.09800689097028226
7174,0.08798569510690868
7175,0.07895863940939307
7176,0.08578477881383151
7177,0.08779213158413768
7178,0.09582574060186744
7179,0.11631483281962574
7180,0.09639863623306155
7181,0.08671669056639075
7182,0.09068422229029238
7183,0.08239915245212615
7184,0.07809040264692158
7185,0.0777194993570447
7186,0.08207257522735745
7187,0.08529804716818035
7188,0.08348401915282011
7189,0.07986404618714005
7190,0.08203334908466786
7191,0.08339137653820217
7192,0.08278488973155618
7193,0.0763711950276047
7194,0.08334257151000202
7195,0.07949725515209138
7196,0.08029144140891731
7197,0.08117344742640853
7198,0.077491415431723
7199,0.08729488693643361
7200,0.08523502084426582
7201,0.08498871675692499
7202,0.087122488534078
7203,0.091759676579386
7204,0.08254755369853228
7205,0.0789484390988946
7206,0.08318076410796493
7207,0.08250975306145847
7208,0.0897018217947334
7209,0.0833630533888936
7210,0.09440202335827053
7211,0.10818993556313217
7212,0.10383428237400949
7213,0.08746059518307447
7214,0.09919453307520598
7215,0.115760019980371
7216,0.15648911631433293
7217,0.2650808156467974
7218,0.2744784849928692
7219,0.17894113063812256
7220,0.12982690590433776
7221,0.11369469133205712
7222,0.145846409490332
7223,0.10127685603220016
7224,0.10114202601835132
7225,0.09347529301885515
7226,0.08811623451765627
7227,0.10988479084335268
7228,0.09546964662149549
7229,0.08311634534038603
7230,0.08453551819548011
7231,0.08487652381882071
7232,0.08128699497319758
7233,0.08216976094990969
7234,0.07867565029300749
7235,0.08667011593934149
7236,0.08278397307731211
7237,0.0854849600000307
7238,0.08472238318063319
7239,0.08022321132011712
7240,0.07933617103844881
7241,0.07846606429666281
7242,0.08449555560946465
7243,0.09563189744949341
7244,0.09041809383779764
7245,0.09284249250777066
7246,0.08402456226758659
7247,0.08371355128474534
7248,0.08849255833774805
7249,0.08330163173377514
7250,0.0882709005381912
7251,0.08399666333571076
7252,0.08373171952553093
7253,0.08423367806244642
7254,0.0882353859487921
7255,0.08669787552207708
7256,0.0872555822134018
7257,0.08449975273106247
7258,0.09048073086887598
7259,0.14331345882965252
7260,0.09880661498755217
7261,0.09582252148538828
7262,0.09456433402374387
7263,0.09270553605165333
7264,0.08800036297179759
7265,0.08812865661457181
7266,0.08415916841477156
7267,0.08676437195390463
7268,0.08831029094289988
7269,0.08515088655985892
7270,0.08377378748264164
7271,0.09438400063663721
7272,0.10810555680654943
7273,0.0963721249718219
7274,0.09078998770564795
7275,0.08104479475878179
7276,0.09615448641125113
7277,0.10161138948751613
7278,0.09272695553954691
7279,0.10993228736333549
7280,0.08706569205969572
7281,0.08758736494928598
7282,0.07997528789564967
7283,0.08979137963615358
7284,0.08563871239311993
7285,0.08337180595844984
7286,0.07955269480589777
7287,0.08510606444906443
7288,0.0900733441230841
7289,0.1019949842011556
7290,0.08333854388911277
7291,0.08802248758729547
7292,0.1115432744845748
7293,0.09456604847218841
7294,0.08283531293272972
7295,0.07973106228746474
7296,0.081505510606803
7297,0.09285180288134143
7298,0.08671506703831255
7299,0.08534703613258898
7300,0.09262685617431998
7301,0.08157218992710114
7302,0.0780750629492104
7303,0.08663925295695662
7304,0.09027061273809522
7305,0.0938441016478464
7306,0.08347314456477761
7307,0.08690663240849972
7308,0.0994113243650645
7309,0.1246110547799617
7310,0.11247889488004148
7311,0.322186392149888
7312,0.20546988723799586
7313,0.39848739793524146
7314,2.375364384846762
7315,0.8329859643708915
7316,0.24799064977560192
7317,0.18821526755345985
7318,0.0970064306166023
7319,0.096266865497455
7320,0.09093103662598878
7321,0.09476058732252568
7322,0.10688352666329592
7323,0.10392258770298213
7324,0.08936112932860851
7325,0.09804931725375354
7326,0.08944275719113648
7327,0.09012091904878616
7328,0.08577469480223954
7329,0.08509965613484383
7330,0.09430752717889845
7331,0.08496567513793707
7332,0.0869418156798929
7333,0.08401698456145823
7334,0.08563744486309588
7335,0.08763280836865306
7336,0.08579467702656984
7337,0.0843171114102006
7338,0.08863787516020238
7339,0.09131103043910116
7340,0.08765978179872036
7341,0.09519240725785494
7342,0.10317107965238392
7343,0.09091772168176249
7344,0.08878578618168831
7345,0.08459967584349215
7346,0.0839072186499834
7347,0.08315191534347832
7348,0.08758979081176221
7349,0.08953622193075716
7350,0.08161916153039783
7351,0.08352791704237461
7352,0.08121363492682576
7353,0.08404714264906943
7354,0.08671292522922158
7355,0.08300377824343741
7356,0.0868139446247369
7357,0.08159086434170604
7358,0.08118681493215263
7359,0.0865283019375056
7360,0.08192845340818167
7361,0.07994301238795742
7362,0.0828021663473919
7363,0.0836084367474541
7364,0.08340415498241782
7365,0.08655947213992476
7366,0.09133747615851462
7367,0.09810657892376184
7368,0.08218624768778682
7369,0.07984759483952075
7370,0.08240569999907166
7371,0.07862829428631812
7372,0.08240731037221849
7373,0.0854110352229327
7374,0.07784711825661361
7375,0.07621600432321429
7376,0.08218923746608198
7377,0.0790332849137485
7378,0.08364450989756733
7379,0.07834513008128852
7380,0.08891354326624423
7381,0.09231170092243701
7382,0.14407639822456986
7383,0.13369616778800264
7384,0.12127318582497537
7385,0.0883948162663728
7386,0.08360105648171157
7387,0.08974665671121329
7388,0.09146022656932473
7389,0.09732944646384567
7390,0.08389833499677479
7391,0.08241546642966568
7392,0.07978481403551996
7393,0.08306064899079502
7394,0.0782308280467987
7395,0.07880921405740082
7396,0.08059273404069245
7397,0.0816238026600331
7398,0.0807401358615607
7399,0.08243629848584533
7400,0.087417405215092
7401,0.09181188070215285
7402,0.10987851349636912
7403,0.09214411035645753
7404,0.09322363010141999
7405,0.08546879817731678
7406,0.08562186954077333
7407,0.10160221630940214
7408,0.09757598745636642
7409,0.08106128708459437
7410,0.08709988300688565
7411,0.08505220653023571
7412,0.081794225377962
7413,0.07653772924095392
7414,0.08098349790088832
7415,0.08226208528503776
7416,0.07971407938748598
7417,0.08008218230679631
7418,0.07947248127311468
7419,0.0912689781980589
7420,0.09703691792674363
7421,0.09834970929659903
7422,0.09127411956433207
7423,0.08639967686031014
7424,0.08859541616402566
7425,0.09202695498242974
7426,0.08338513132184744
7427,0.08429902244824916
7428,0.09183090017177165
7429,0.09072564891539514
7430,0.07851604395546019
7431,0.07878619513940066
7432,0.08395414124242961
7433,0.08301151171326637
7434,0.08449167758226395
7435,0.08381306868977845
7436,0.08169757935684174
7437,0.08700815378688276
7438,0.09557972196489573
7439,0.10103916795924306
7440,0.1066497745923698
7441,0.09004372800700366
7442,0.08891522255726159
7443,0.0935240990947932
7444,0.10072368721012026
7445,0.08869572868570685
7446,0.09149351716041565
7447,0.08665291126817465
7448,0.09500650328118354
7449,0.09418872185051441
7450,0.10379623295739293
7451,0.10448666056618094
7452,0.12016870296793059
7453,0.08039182773791254
7454,0.0888957311399281
7455,0.08388067502528429
7456,0.09511459147324786
7457,0.08562624733895063
7458,0.0894075003452599
7459,0.0883479667827487
7460,0.0831707282923162
7461,0.08742185810115188
7462,0.07986057363450527
7463,0.08116666343994439
7464,0.08409957541152835
7465,0.08083047298714519
7466,0.08310731500387192
7467,0.08444478583987802
7468,0.08625716087408364
7469,0.08457063627429307
7470,0.08929175022058189
7471,0.0826991235371679
7472,0.08377727121114731
7473,0.083872981951572
7474,0.08502211840823293
7475,0.0803232928737998
7476,0.07823810866102576
7477,0.0803336389362812
7478,0.08445964206475765
7479,0.08823076891712844
7480,0.09070046711713076
7481,0.09698712429963052
7482,0.08864519954659045
7483,0.08329655462875962
7484,0.09151273430325091
7485,0.09131489903666079
7486,0.09600130142644048
7487,0.1010996198747307
7488,0.09566190035548061
7489,0.09571735025383532
7490,0.09983188874321058
7491,0.1343384882202372
7492,0.09474792890250683
7493,0.08554095821455121
7494,0.11574947938788682
7495,0.2271055607125163
7496,1.0761038553901017
7497,1.1815614476799965
7498,0.6322413654997945
7499,0.21559787529986352
7500,0.13371367647778243
7501,0.12033966113813221
7502,0.10059269587509334
7503,0.09173474984709173
7504,0.10141327709425241
7505,0.09540034015662968
7506,0.0942360347835347
7507,0.0886262496933341
7508,0.08854387945029885
7509,0.08897689310833812
7510,0.09288990357890725
7511,0.09228042745962739
7512,0.08945593633688986
7513,0.09277365799061954
7514,0.09533749707043171
7515,0.08775180275551975
7516,0.08993699157144874
7517,0.09197280299849808
7518,0.09236273146234453
7519,0.09019774582702667
7520,0.0971265034750104
7521,0.09371951757930219
7522,0.11103460052981973
7523,0.09843843115959316
7524,0.09543831832706928
7525,0.1039895589929074
7526,0.08717271569184959
7527,0.0895134920720011
7528,0.0858450394589454
7529,0.08366536675021052
7530,0.08543138392269611
7531,0.08511044003535062
7532,0.0840803780592978
7533,0.08558598521631211
7534,0.08249307866208255
7535,0.08463752514217049
7536,0.08493469120003283
7537,0.08604424865916371
7538,0.08472588402219117
7539,0.08127354132011533
7540,0.09119145153090358
7541,0.09103711880743504
7542,0.08284046140033752
7543,0.08808191725984216
7544,0.08537627221085131
7545,0.0795285030035302
7546,0.08182804833631963
7547,0.0792891550809145
7548,0.08228015422355384
7549,0.08345177921000868
7550,0.08044760569464415
7551,0.0836143116466701
7552,0.08407172153238207
7553,0.08900900091975927
7554,0.0848483449080959
7555,0.07872441108338535
7556,0.08526160928886384
7557,0.08501043042633682
7558,0.08609261934179813
7559,0.08457525284029543
7560,0.08537936606444418
7561,0.08195508504286408
7562,0.07510094193276018
7563,0.11085618380457163
7564,0.09266059380024672
7565,0.0846261999104172
7566,0.08111746376380324
7567,0.08282903349027038
7568,0.08872682577930391
7569,0.07910345366690308
7570,0.08752511895727366
7571,0.08702850650297478
7572,0.09173295879736543
7573,0.0803326063323766
7574,0.08722953894175589
7575,0.08897544210776687
7576,0.08872708049602807
7577,0.08915683522354811
7578,0.08279813081026077
7579,0.08050276595167816
7580,0.0827409029006958
7581,0.0825432138517499
7582,0.09029901772737503
7583,0.08434969809604809
7584,0.08572088880464435
7585,0.08393718581646681
7586,0.08106310851871967
7587,0.08736283401958644
7588,0.09329888271167874
7589,0.08979693823494017
7590,0.10031729773618281
7591,0.10410860448610038
7592,0.08658078731968999
7593,0.08132251212373376
7594,0.08661801274865866
7595,0.0910803759470582
7596,0.08803145959973335
7597,0.08468220825307071
7598,0.08150739292614162
7599,0.08641454030293971
7600,0.10621913766954094
7601,0.11496446386445314
7602,0.0844927579164505
7603,0.08987989788874984
7604,0.08931076573207974
7605,0.08405826555099338
7606,0.08588130166754127
7607,0.07800736022181809
7608,0.08776345942169428
7609,0.0904519718606025
7610,0.09446807601489127
7611,0.09570662578335032
7612,0.08953455393202603
7613,0.08658883790485561
7614,0.09012862353119999
7615,0.08527951315045357
7616,0.08017998957075179
7617,0.07791906269267201
7618,0.09641158836893737
7619,0.09313140786252916
7620,0.08560176275204867
7621,0.0822389314416796
7622,0.08010177803225815
7623,0.08272007282357663
7624,0.08179227588698268
7625,0.08963756868615746
7626,0.08553555840626359
7627,0.08627613983117044
7628,0.08402654540259391
7629,0.08651762222871184
7630,0.08088808483444154
7631,0.08039678120985627
7632,0.08886264823377132
7633,0.08928830432705581
7634,0.0825799077283591
7635,0.08247249305713922
7636,0.08792552282102406
7637,0.09149036835879087
7638,0.08611362532246858
7639,0.08402181614656001
7640,0.15483438383671455
7641,2.1584819081472233
7642,0.7195264054462314
7643,0.6831099195405841
7644,0.1882546218112111
7645,0.17299849959090352
7646,0.12026847840752453
7647,0.12185549119021744
7648,0.09606245695613325
7649,0.09406346455216408
7650,0.09391276794485748
7651,0.0931554229464382
7652,0.10109864152036607
7653,0.10023033851757646
7654,0.10386985330842435
7655,0.09279343555681407
7656,0.08689891314134002
7657,0.08508056355640292
7658,0.08286618045531213
7659,0.08531533868517727
7660,0.08376737218350172
7661,0.0843949499540031
7662,0.08064746204763651
7663,0.08379707916174084
7664,0.08215996576473117
7665,0.08074631309136748
7666,0.08339774725027382
7667,0.0804112118203193
7668,0.07942761620506644
7669,0.08463792002294213
7670,0.08011304936371744
7671,0.08007677097339183
7672,0.09159973217174411
7673,0.08579711616039276
7674,0.0845252547878772
7675,0.0832469176966697
7676,0.08343874546699226
7677,0.08604240173008293
7678,0.09874008409678936
7679,0.08996213180944324
7680,0.09074369794689119
7681,0.09347519045695662
7682,0.09368313860613853
7683,0.08482092735357583
7684,0.07972977368626744
7685,0.08558073686435819
7686,0.08368775667622685
7687,0.08524506224785
7688,0.0861789514310658
7689,0.08235609717667103
7690,0.08113463420886546
7691,0.08520837686955929
7692,0.08254197472706437
7693,0.0837341130245477
7694,0.09098086832091212
7695,0.0823472619522363
7696,0.08269845345057547
7697,0.08166868053376675
7698,0.08023431897163391
7699,0.07909868168644607
7700,0.08142047299770638
7701,0.08145260659512132
7702,0.08104021265171468
7703,0.08680441533215344
7704,0.0921892172191292
7705,0.08019367116503417
7706,0.08021908160299063
7707,0.08469066384714097
7708,0.0818595269229263
7709,0.08185058925300837
7710,0.08180700638331473
7711,0.08516309293918312
7712,0.08367664099205285
7713,0.080732207512483
7714,0.08457493945024908
7715,0.08195878099650145
7716,0.08969976543448865
7717,0.08293700870126486
7718,0.09231098694726825
7719,0.08269949618261307
7720,0.08527487074024975
7721,0.083112076157704
7722,0.08378606056794524
7723,0.0932856664294377
7724,0.09023583109956235
7725,0.08646656858036295
7726,0.07898863032460213
7727,0.08572975662536919
7728,0.08642811060417444
7729,0.08604760409798473
7730,0.0873726891586557
7731,0.1038848616881296
7732,0.09547697362722829
7733,0.10618817631620914
7734,0.08451442397199571
7735,0.09159146773163229
7736,0.08690024225506932
7737,0.08093240455491468
7738,0.08286339440383017
7739,0.08569560665637255
7740,0.08448175142984837
7741,0.08438140363432467
7742,0.08171863458119333
7743,0.08436969306785613
7744,0.10298807336948812
7745,0.08448806800879538
7746,0.08331903960788622
7747,0.10599488392472267
7748,0.0966067622648552
7749,0.09470808156765997
7750,0.08674302394501865
7751,0.08747425465844572
7752,0.07995057792868465
7753,0.08185512153431773
7754,0.08283492585178465
7755,0.08395677851513028
7756,0.0891114342957735
7757,0.08591969683766365
7758,0.09770549274981022
7759,0.11251314578112215
7760,0.09240105887874961
7761,0.08786503120791167
7762,0.09298544772900641
7763,0.08587122766766697
7764,0.08401327766478062
7765,0.08454919280484319
7766,0.07997709442861378
7767,0.08529818919487298
7768,0.08001282345503569
7769,0.08354144915938377
7770,0.08636081777513027
7771,0.08878486789762974
7772,0.08548329351469874
7773,0.08337986143305898
7774,0.07782427506754175
7775,0.08304464793764055
7776,0.07891803421080112
7777,0.08083050674758852
7778,0.08822423731908202
7779,0.07931699068285525
7780,0.08456042886245996
7781,0.08297195169143379
7782,0.0841166484169662
7783,0.08655527071096003
7784,0.09214698744472116
7785,0.10804205772001296
7786,0.10197613434866071
7787,0.11836859624600038
7788,0.09129961836151779
7789,0.08371254382655025
7790,0.08449959405697882
7791,0.09172784758266062
7792,0.08385356701910496
7793,0.08293301169760525
7794,0.08085748483426869
7795,0.08659175457432866
7796,0.13244191545527428
7797,0.14570951112546027
7798,0.13365680491551757
7799,0.11308876622933894
7800,0.09680692793335766
7801,0.10231420036870986
7802,0.08960518147796392
7803,0.0848165744682774
7804,0.1123667131178081
7805,0.10084485844708979
7806,0.156726862071082
7807,0.11195410881191492
7808,0.09350160928443074
7809,0.09901045565493405
7810,0.08933521946892142
7811,0.09123577282298356
7812,0.09286869701463729
7813,0.19084590126294643
7814,1.1556578860618174
7815,0.5987419951707125
7816,0.6692595463246107
7817,0.3843324510380626
7818,0.26835442148149014
7819,0.15554681853973307
7820,0.1620157518191263
7821,0.13214332330971956
7822,0.10551308572757989
7823,0.09950318222399801
7824,0.10695733479224145
7825,0.09739509632345289
7826,0.09595819422975183
7827,0.09795301093254238
7828,0.0944343600422144
7829,0.0915832087630406
7830,0.09416104340925813
7831,0.09215119807049632
7832,0.0925478299614042
7833,0.08719023573212326
7834,0.08437058795243502
7835,0.08424386917613447
7836,0.08413250674493611
7837,0.0823988732881844
7838,0.0893837712937966
7839,0.09563786262879148
7840,0.08124216203577816
7841,0.0827663775999099
7842,0.08672269876115024
7843,0.08121027634479105
7844,0.07933800620958209
7845,0.07832105550915003
7846,0.081234390148893
7847,0.08755573350936174
7848,0.07690641423687339
7849,0.08452680613845587
7850,0.08560838643461466
7851,0.08346384321339428
7852,0.08417672757059336
7853,0.0844020654913038
7854,0.08583535358775407
7855,0.08240352012217045
7856,0.08095688268076628
7857,0.08074092981405556
7858,0.08635709644295275
7859,0.08372877282090485
7860,0.08257410698570311
7861,0.08060413133352995
7862,0.08788627642206848
7863,0.08301023696549237
7864,0.08583559701219201
7865,0.09935856820084155
7866,0.11998256610240787
7867,0.09300255158450454
7868,0.08709990297211334
7869,0.08699105679988861
7870,0.0796803270932287
7871,0.08127726742532104
7872,0.08207948505878448
7873,0.08239651727490127
7874,0.0830446092877537
7875,0.08834568969905376
7876,0.09331632649991661
7877,0.07909128116443753
7878,0.08413684414699674
7879,0.07996246730908751
7880,0.08084757765755057
7881,0.08136044372804463
7882,0.08365070074796677
7883,0.080208690604195
7884,0.08098338241688907
7885,0.07912550237961113
7886,0.08354331855662167
7887,0.07889704639092088
7888,0.07947034307289869
7889,0.08433856465853751
7890,0.0851924940943718
7891,0.08879700663965195
7892,0.09508592030033469
7893,0.09196643205359578
7894,0.08808654639869928
7895,0.08864255901426077
7896,0.09150407649576664
7897,0.13979932820075192
7898,0.1261887449072674
7899,0.11048150714486837
7900,0.09287412522826344
7901,0.0822631474584341
7902,0.08783139963634312
7903,0.09294048778247088
7904,0.08206949452869594
7905,0.07873586064670235
7906,0.08220779290422797
7907,0.09624770958907902
7908,0.09216701984405518
7909,0.09849944501183927
7910,0.09909342974424362
7911,0.09262814541580155
7912,0.08607338066212833
7913,0.07948769128415734
7914,0.0808025433216244
7915,0.0806833696551621
7916,0.08179599232971668
7917,0.08706684340722859
7918,0.1001520378049463
7919,0.1026810328476131
7920,0.0860144766047597
7921,0.0822479403577745
7922,0.08065967168658972
7923,0.07871262636035681
7924,0.08119216252816841
7925,0.08814067649655044
7926,0.0903086164034903
7927,0.10227770044002682
7928,0.12107034435030073
7929,0.21698958380147815
7930,0.2595589957491029
7931,0.1438503636745736
7932,0.10370928002521396
7933,0.08961654733866453
7934,0.08654898731037974
7935,0.09385938383638859
7936,0.08823966246563941
7937,0.09416611806955189
7938,0.08671205630525947
7939,0.08479607827030122
7940,0.08531121211126447
7941,0.08881189674139023
7942,0.08794052200391889
7943,0.08212096523493528
7944,0.08055025758221745
7945,0.09651730046607554
7946,0.0967623027972877
7947,0.10028377920389175
7948,0.09298215445596725
7949,0.10510873910970986
7950,0.08871102461125702
7951,0.08175766875501722
7952,0.08545869821682572
7953,0.08985350467264652
7954,0.07859745691530406
7955,0.07987661217339337
7956,0.08059413929004222
7957,0.08296882850117981
7958,0.08339454769156873
7959,0.08109910588245839
7960,0.08172060083597898
7961,0.08288957783952355
7962,0.0820734309963882
7963,0.08841330872382969
7964,0.08238998590968549
7965,0.08170044876169413
7966,0.07954958663322031
7967,0.07832325319759548
7968,0.07904354541096836
7969,0.0931773860938847
7970,0.08928683714475483
7971,0.087981027783826
7972,0.092750201059971
7973,0.11657709325663745
7974,0.1970563983777538
7975,0.1483193797757849
7976,0.21557943150401115
7977,0.13979764934629202
7978,0.0963434197474271
7979,0.09578789211809635
7980,0.13391399398096837
7981,0.1183344169985503
7982,0.0911990727763623
7983,0.08942381711676717
7984,0.09012020810041577
7985,0.09600361064076424
7986,0.12938369542825967
7987,0.1434492024127394
7988,0.11611515999538824
7989,0.0989861023845151
7990,0.09289123862981796
7991,0.09727784222923219
7992,0.08628224348649383
7993,0.08550791151355952
7994,0.08012576191686094
7995,0.08414863725192845
7996,0.08346784533932805
7997,0.08512243663426489
7998,0.08920381916686893
7999,0.09555328194983304
8000,0.08808232517912984
8001,0.07981887029018253
8002,0.0817670519463718
8003,0.09523000195622444
8004,0.10044012311846018
8005,0.08276757341809571
8006,0.08245013002306223
8007,0.08589997550006956
8008,0.11450425867224112
8009,0.08814865024760365
8010,0.07861985388444737
8011,0.0966431115521118
8012,0.09282177779823542
8013,0.08780453214421868
8014,0.09404800599440932
8015,0.09626610763370991
8016,0.0875009240116924
8017,0.0810439542401582
8018,0.08487479365430772
8019,0.0910749490140006
8020,0.09831390413455665
8021,0.07893792691174895
8022,0.09284590615425259
8023,0.0932938545010984
8024,0.1026026182807982
8025,0.10866757086478174
8026,0.10625857685226947
8027,0.08691538637503982
8028,0.0811445249710232
8029,0.08466821536421776
8030,0.08781571709550917
8031,0.08357722335495055
8032,0.09126718179322779
8033,0.10292148520238698
8034,0.1009845572989434
8035,0.1137237852672115
8036,0.09540455532260239
8037,0.08814967912621796
8038,0.08820517780259252
8039,0.10242422274313867
8040,0.11012398853199556
8041,0.09269911143928766
8042,0.09631594060920179
8043,0.14255276817129925
8044,0.11147926666308194
8045,0.09336555562913418
8046,0.09968146338360384
8047,0.08777401957195252
8048,0.07926243706606328
8049,0.08173492515925318
8050,0.08607769361697137
8051,0.0844823147635907
8052,0.09330813656561077
8053,0.1212168603669852
8054,0.09380210062954575
8055,0.09600715525448322
8056,0.09740508941467851
8057,0.11724055279046297
8058,0.0955541298026219
8059,0.08499535417649895
8060,0.08011187217198312
8061,0.08335667126812041
8062,0.08094751718454063
8063,0.08518713410012424
8064,0.08594275324139744
8065,0.0945309279486537
8066,0.07957111508585513
8067,0.08521998987998813
8068,0.09066425380297005
8069,0.0864168752450496
8070,0.08257301454432309
8071,0.08849620982073247
8072,0.089512899518013
8073,0.084672114928253
8074,0.0866540465503931
8075,0.08347592927748337
8076,0.08507936703972518
8077,0.08718628785572946
8078,0.09654082974884659
8079,0.09137715701945126
8080,0.08208215981721878
8081,0.08348327176645398
8082,0.08871137024834752
8083,0.11629095277749002
8084,0.16983489459380507
8085,0.12906365375965834
8086,0.16387777848285623
8087,0.14601224730722606
8088,0.27624661021400243
8089,0.3812180100940168
8090,3.6971974093466997
8091,2.2189302016049623
8092,0.6661898028105497
8093,0.3423376923892647
8094,0.2181098759174347
8095,0.17628796736244112
8096,0.10849291330669075
8097,0.10762071085628122
8098,0.12679814279545099
8099,0.12470426014624536
8100,0.11677060974761844
8101,0.10460760514251888
8102,0.10731699236202985
8103,0.10232559498399496
8104,0.09294460259843618
8105,0.08969842945225537
8106,0.08653199207037687
8107,0.09232089447323233
8108,0.08780177379958332
8109,0.08826270676217973
8110,0.09083885652944446
8111,0.09603227046318352
8112,0.08592220488935709
8113,0.0888047837652266
8114,0.09100181248504668
8115,0.09803222003392875
8116,0.094121563131921
8117,0.09303142200224102
8118,0.0875967878382653
8119,0.08700316201429814
8120,0.09040760505013168
8121,0.09980391059070826
8122,0.1088084215298295
8123,0.12183880293741822
8124,0.10293061193078756
8125,0.09752177610062063
8126,0.09130693064071238
8127,0.09973533044103533
8128,0.10076869907788932
8129,0.09473745449213311
8130,0.09139650571160018
8131,0.08891522488556802
8132,0.08872614428400993
8133,0.08361688849981874
8134,0.0857354577165097
8135,0.08737594494596124
8136,0.09097572881728411
8137,0.08694771002046764
8138,0.08588199352379888
8139,0.08624110603705049
8140,0.08650797558948398
8141,0.09202717081643641
8142,0.08350366447120905
8143,0.0884230867959559
8144,0.09321084502153099
8145,0.08529028506018221
8146,0.0858926938381046
8147,0.08963108761236072
8148,0.08616464445367455
8149,0.0864901642780751
8150,0.10258252103812993
8151,0.08586003305390477
8152,0.08827407413627952
8153,0.08366708480753005
8154,0.08360330224968493
8155,0.0829961602576077
8156,0.08747421170119196
8157,0.08905672770924866
8158,0.08509934658650309
8159,0.08497720770537853
8160,0.08679037832189351
8161,0.08789804461412132
8162,0.08551290747709572
8163,0.08328847063239664
8164,0.08519819751381874
8165,0.0896373851574026
8166,0.08251445298083127
8167,0.08717571524903178
8168,0.08400373789481819
8169,0.08343946328386664
8170,0.09240750246681273
8171,0.08519667480140924
8172,0.0845418213866651
8173,0.08632198942359537
8174,0.09323308640159667
8175,0.08990717213600874
8176,0.09119752573315054
8177,0.09556322399294004
8178,0.09028447902528569
8179,0.08492504700552672
8180,0.08385338576044887
8181,0.08489243173971772
8182,0.08101289998739958
8183,0.08966108807362616
8184,0.08757527475245297
8185,0.08893770584836602
8186,0.08242067345418036
8187,0.08850105095189065
8188,0.0890239521395415
8189,0.08641465124674141
8190,0.0853495339397341
8191,0.0820871414616704
8192,0.08763468614779413
8193,0.09317829855717719
8194,0.08379120426252484
8195,0.08247958309948444
8196,0.08108405023813248
8197,0.0851807959843427
8198,0.08065741299651563
8199,0.08746929420158267
8200,0.08138394670095295
8201,0.09176610736176372
8202,0.08756773534696549
8203,0.08385358657687902
8204,0.07945313327945769
8205,0.08612604066729546
8206,0.08263323199935257
8207,0.08233358687721193
8208,0.0815349790500477
8209,0.08212834619916975
8210,0.08811425202293321
8211,0.10490429657511413
8212,0.090750269475393
8213,0.07916204305365682
8214,0.08827364223543555
8215,0.08355601388029754
8216,0.08110987581312656
8217,0.08532725227996707
8218,0.07718833046965301
8219,0.08238632907159626
8220,0.08918386651203036
8221,0.08589646441396326
8222,0.17736100894398987
8223,0.1255928489845246
8224,0.10562730743549764
8225,0.09402613341808319
8226,0.09266174607910216
8227,0.08269915287382901
8228,0.08632728969678283
8229,0.08158112713135779
8230,0.0875990332569927
8231,0.08402042626403272
8232,0.08051765104755759
8233,0.09202936361543834
8234,0.09469497296959162
8235,0.08495657402090728
8236,0.07857021759264171
8237,0.08258786151418462
8238,0.09245959832333028
8239,0.08748796465806663
8240,0.09352059423690662
8241,0.09662161709275097
8242,0.09359323373064399
8243,0.08845977298915386
8244,0.0841295460704714
8245,0.09201126405969262
8246,0.09318404039368033
8247,0.07481132377870381
8248,0.12961426298716106
8249,0.11195360601413995
8250,0.10514528909698129
8251,0.1061040903441608
8252,0.08816098282113671
8253,0.09133990062400699
8254,0.08542150736320764
8255,0.08275609731208533
8256,0.09170709666796029
8257,0.08559036708902568
8258,0.08973281236831099
8259,0.08525507804006338
8260,0.07965759455692023
8261,0.08704127359669656
8262,0.09114285453688353
8263,0.11002672417089343
8264,0.16925647004973143
8265,2.254942908883095
8266,0.9995714129763655
8267,0.4707822110503912
8268,0.19344049110077322
8269,0.1805177901405841
8270,0.10971565777435899
8271,0.1052947579883039
8272,0.09542942664120346
8273,0.10458268120419234
8274,0.09307713026646525
8275,0.09067311068065464
8276,0.08702401141636074
8277,0.08780227811075747
8278,0.09090716007631272
8279,0.08943018259014934
8280,0.08393403980880976
8281,0.08895559154916555
8282,0.0907465519849211
8283,0.09327286365441978
8284,0.0847789621911943
8285,0.08257441851310432
8286,0.08477982529439032
8287,0.09023514948785305
8288,0.08920419262722135
8289,0.08847471349872649
8290,0.0823490684852004
8291,0.08459610817953944
8292,0.0886807031929493
8293,0.08537817071191967
8294,0.08455951570067555
8295,0.0817197309806943
8296,0.08072572550736368
8297,0.08649885456543416
8298,0.0852727573364973
8299,0.08714401163160801
8300,0.08119860617443919
8301,0.0939956798683852
8302,0.09686784516088665
8303,0.08413697336800396
8304,0.08483572397381067
8305,0.08738064073259011
8306,0.08780901494901627
8307,0.08171339309774339
8308,0.0830712643219158
8309,0.0792177771218121
8310,0.08442878979258239
8311,0.08025026111863554
8312,0.08351502474397421
8313,0.07899883342906833
8314,0.07964963850099593
8315,0.08118091057986021
8316,0.08452609763480723
8317,0.08197557157836854
8318,0.07855516858398914
8319,0.08024613745510578
8320,0.0833946845959872
8321,0.08243374165613204
8322,0.097622558940202
8323,0.10041118296794593
8324,0.09252095315605402
8325,0.09554033353924751
8326,0.08819747646339238
8327,0.08130388474091887
8328,0.07754386123269796
8329,0.0844284906052053
8330,0.08422406064346433
8331,0.082781239063479
8332,0.07891653757542372
8333,0.08279120188672096
8334,0.08871755935251713
8335,0.0840350806247443
8336,0.07991321571171284
8337,0.08773363358341157
8338,0.08408787287771702
8339,0.08153312187641859
8340,0.08416198065970093
8341,0.081304881721735
8342,0.08937298238743097
8343,0.08255986624862999
8344,0.08398976642638445
8345,0.08279903477523476
8346,0.09030286385677755
8347,0.09498683176934719
8348,0.08475855039432645
8349,0.08259953605011106
8350,0.08058264583814889
8351,0.0806323706638068
8352,0.07629057765007019
8353,0.07782825198955834
8354,0.08025793998967856
8355,0.08156432420946658
8356,0.08172311063390225
8357,0.0812389652710408
8358,0.0823485481669195
8359,0.09700556891039014
8360,0.09173010010272264
8361,0.08361823030281812
8362,0.07992395618930459
8363,0.08375816489569843
8364,0.07888855179771781
8365,0.07927037600893527
8366,0.08000276051461697
8367,0.07538748974911869
8368,0.0759410714963451
8369,0.07641879026778042
8370,0.08000219101086259
8371,0.08179161860607564
8372,0.08164929831400514
8373,0.08472267026081681
8374,0.0736042745411396
8375,0.09783149720169604
8376,0.12566945934668183
8377,0.08959909435361624
8378,0.08924972329987213
8379,0.08838714729063213
8380,0.08274547709152102
8381,0.08138380141463131
8382,0.077710046665743
8383,0.0824809002224356
8384,0.08070440823212266
8385,0.08309033652767539
8386,0.0782050434499979
8387,0.08052796928677708
8388,0.08620485477149487
8389,0.08638244844041765
8390,0.08777319686487317
8391,0.08781510865082964
8392,0.09206875064410269
8393,0.10833999887108803
8394,0.0884152507642284
8395,0.08091453975066543
8396,0.07911198865622282
8397,0.07573264988604933
8398,0.07698285486549139
8399,0.07771799981128424
8400,0.08674331288784742
8401,0.10046722553670406
8402,0.2247394621372223
8403,0.15174020041013137
8404,0.1388281147228554
8405,0.16172757279127836
8406,0.11645487457280979
8407,0.10541088425088674
8408,0.11116082710213959
8409,0.10438441089354455
8410,0.1066729361191392
8411,0.10432410525390878
8412,0.10444166092202067
8413,0.1595348582486622
8414,0.12565044895745814
8415,0.11962434905581176
8416,0.09318129881285131
8417,0.08422997849993408
8418,0.09156268532387912
8419,0.08972656936384737
8420,0.08420536562334746
8421,0.08079268538858742
8422,0.0799739999929443
8423,0.07640952500514686
8424,0.08467330830171704
8425,0.07957907172385603
8426,0.08467282471247017
8427,0.08688520756550133
8428,0.08489698963239789
8429,0.09800448035821319
8430,0.09268334344960749
8431,0.08311860251706094
8432,0.08282923535443842
8433,0.07672712043859065
8434,0.07082054670900106
8435,0.08711923356167972
8436,0.0967118619591929
8437,0.08670419466216117
8438,0.08411009679548442
8439,0.08502945024520159
8440,0.07996970997191966
8441,0.07710359408520162
8442,0.10106585989706218
8443,0.11793599626980722
8444,0.09378394205123186
8445,0.09874689509160817
8446,0.09863979904912412
8447,0.08382128120865673
8448,0.0879736712668091
8449,0.07803039369173348
8450,0.07978932070545852
8451,0.08041821443475783
8452,0.0796541707823053
8453,0.07682760036550462
8454,0.08079659641953185
8455,0.08659441443160176
8456,0.09854961733799428
8457,0.1087605367647484
8458,0.1080471103778109
8459,0.08271039451938123
8460,0.08022207883186638
8461,0.08080683590378612
8462,0.08226461196318269
8463,0.08750818413682282
8464,0.10552513040602207
8465,0.10361149860545993
8466,0.09203810524195433
8467,0.09433517558500171
8468,0.08034512377344072
8469,0.07770637224894017
8470,0.08060616324655712
8471,0.07873173267580569
8472,0.07523380382917821
8473,0.09091722406446934
8474,0.09523402899503708
8475,0.11388860479928553
8476,0.12108545820228755
8477,0.08803902426734567
8478,0.09884340374264866
8479,0.10522488865535706
8480,0.09971517825033516
8481,0.09351542638614774
8482,0.1810707135591656
8483,0.11253142822533846
8484,0.09065567643847317
8485,0.08633638254832476
8486,0.08771572401747108
8487,0.08175203716382384
8488,0.09130321955308318
8489,0.08460136316716671
8490,0.0873732902109623
8491,0.08048092457465827
8492,0.07836558343842626
8493,0.08427686942741275
8494,0.07664539921097457
8495,0.08118189952801913
8496,0.08080210769549012
8497,0.07631070585921407
8498,0.07937002717517316
8499,0.07663387851789594
8500,0.07710100978147238
8501,0.08628153335303068
8502,0.09086573304375634
8503,0.08953913394361734
8504,0.08126241818536073
8505,0.08130109589546919
8506,0.0868134048068896
8507,0.09218225022777915
8508,0.21810647624079138
8509,0.15480703540379182
8510,0.17126607126556337
8511,0.12414018239360303
8512,0.1271618977189064
8513,0.1833436968154274
8514,3.2166972076520324
8515,0.7208724209340289
8516,1.094415171071887
8517,0.3912839258555323
8518,0.1352894305018708
8519,0.11628369457321241
8520,0.09579438506625593
8521,0.0870163762010634
8522,0.08948579069692641
8523,0.09445008868351579
8524,0.0878071750048548
8525,0.08730554510839283
8526,0.10918902792036533
8527,0.09956278873141855
8528,0.08474446961190552
8529,0.0839563359040767
8530,0.08134836493991315
8531,0.08441454963758588
8532,0.08531509269960225
8533,0.0877046356908977
8534,0.08296588389202952
8535,0.08192044449970126
8536,0.08246690616942942
8537,0.0814344200771302
8538,0.0822704890742898
8539,0.08021833002567291
8540,0.08225501026026905
8541,0.08172374754212797
8542,0.0800116149475798
8543,0.08199638745281845
8544,0.08129768259823322
8545,0.07910645357333124
8546,0.0790424922015518
8547,0.07964220619760454
8548,0.08153997210320085
8549,0.0850603103172034
8550,0.08282619435340166
8551,0.08017230057157576
8552,0.07956116320565343
8553,0.07887551933526993
8554,0.087021644692868
8555,0.08001491730101407
8556,0.07917841477319598
8557,0.07856547692790627
8558,0.08091156312730163
8559,0.07955503184348345
8560,0.08117344829952344
8561,0.07665923878084868
8562,0.08254234027117491
8563,0.07728850841522217
8564,0.08154015184845775
8565,0.07839669636450708
8566,0.08172643464058638
8567,0.0858194709289819
8568,0.08289907651487738
8569,0.07800675160251558
8570,0.08123350096866488
8571,0.0771676714066416
8572,0.07965895521920174
8573,0.0856942068785429
8574,0.08838699501939118
8575,0.07876519579440355
8576,0.07814557780511677
8577,0.0803310388000682
8578,0.08140194811858237
8579,0.07650398497935385
8580,0.08070973423309624
8581,0.0776890127453953
8582,0.07791480142623186
8583,0.07943284860812128
8584,0.07594695780426264
8585,0.07796351960860193
8586,0.07664822181686759
8587,0.0772970566758886
8588,0.07671761745586991
8589,0.083656569942832
8590,0.07797009858768433
8591,0.08020004373975098
8592,0.07555821829009801
8593,0.07638186635449529
8594,0.07704554963856936
8595,0.07822425034828484
8596,0.07753076427616179
8597,0.08050317387096584
8598,0.07775197201408446
8599,0.07725748815573752
8600,0.08083444810472429
8601,0.08025975013151765
8602,0.09096070635132492
8603,0.07919004827272147
8604,0.07697244291193783
8605,0.08975658076815307
8606,0.08301401976495981
8607,0.0930873490869999
8608,0.08612718665972352
8609,0.0774590726941824
8610,0.0772757320664823
8611,0.08043353399261832
8612,0.08073643327225
8613,0.08517333143390715
8614,0.08823582483455539
8615,0.09052129334304482
8616,0.0773357703583315
8617,0.08323536114767194
8618,0.08099379786290228
8619,0.07658742985222489
8620,0.0811537264380604
8621,0.08004025416448712
8622,0.08382422919385135
8623,0.10047951899468899
8624,0.07700718136038631
8625,0.07853969593998045
8626,0.07816865935456008
8627,0.07579921779688448
8628,0.085392088862136
8629,0.07812391384504735
8630,0.08275125571526587
8631,0.08703483967110515
8632,0.08197920490056276
8633,0.09416725113987923
8634,0.09150953870266676
8635,0.09274682146497071
8636,0.08500420278869569
8637,0.1086111948825419
8638,0.09199326985981315
8639,0.08771969651570544
8640,0.08732161560328677
8641,0.08048282051458955
8642,0.08219704404473305
8643,0.08371183928102255
8644,0.09903233905788511
8645,0.08307637111283839
8646,0.08080118917860091
8647,0.07407298852922395
8648,0.0825129320146516
8649,0.0762252383865416
8650,0.08073621697258204
8651,0.07866292889229953
8652,0.07861808757297695
8653,0.07902329810895026
8654,0.08066038112156093
8655,0.08781337714754045
8656,0.08440500195138156
8657,0.07572263677138835
8658,0.0808295903261751
8659,0.07432572299148887
8660,0.08001589099876583
8661,0.07488551083952188
8662,0.07908172637689859
8663,0.08212492539314553
8664,0.07759375125169754
8665,0.0805245196679607
8666,0.08320287405513227
8667,0.08200628100894392
8668,0.0959047896321863
8669,0.08472538855858147
8670,0.08414789440575987
8671,0.09079701825976372
8672,0.08258459565695375
8673,0.08230751939117908
8674,0.08362526213750243
8675,0.08109382097609341
8676,0.0905133483465761
8677,0.08361981948837638
8678,0.08151448192074895
8679,0.07808496407233179
8680,0.0840023634955287
8681,0.1277467613108456
8682,0.10543262271676213
8683,0.20983583094493952
8684,0.6120201656594872
8685,0.24701649649068713
8686,0.16324196313507855
8687,0.16476245084777474
8688,0.14262983936350793
8689,0.12517670565284789
8690,0.0941388641949743
8691,0.08761943271383643
8692,0.08527116797631606
8693,0.09166321810334921
8694,0.0895495421718806
8695,0.08674778032582253
8696,0.0857857937226072
8697,0.0917217219248414
8698,0.09169705538079143
8699,0.0984767188783735
8700,0.09323444298934191
8701,0.08682539372239262
8702,0.0802952938247472
8703,0.08369432017207146
8704,0.0889494982548058
8705,0.08121344377286732
8706,0.08423630381003022
8707,0.08501356176566333
8708,0.0917191820917651
8709,0.09503957582637668
8710,0.08885136898607016
8711,0.08016247395426035
8712,0.07815177843440324
8713,0.08318009483627975
8714,0.08180770510807633
8715,0.08352865930646658
8716,0.08528386219404638
8717,0.08344666741322726
8718,0.07863100594840944
8719,0.0849706286098808
8720,0.08313081716187298
8721,0.08811439201235771
8722,0.07941451878286898
8723,0.0934272394515574
8724,0.08281480753794312
8725,0.07902532420121133
8726,0.08388770068995655
8727,0.08956437953747809
8728,0.09016984654590487
8729,0.08271309547126293
8730,0.07749950484139845
8731,0.07577352994121611
8732,0.08321539696771652
8733,0.09832163550890982
8734,0.10469084605574608
8735,0.09419095143675804
8736,0.12517577153630555
8737,0.1013857638463378
8738,0.09504276781808585
8739,0.09572402050253004
8740,0.09565872710663825
8741,0.08891612710431218
8742,0.09022002527490258
8743,0.08613787678768858
8744,0.08733051863964647
8745,0.0795473501784727
8746,0.09691221732646227
8747,0.09023882477777079
8748,0.08726970967836678
8749,0.08687709271907806
8750,0.0841554143698886
8751,0.0831447719829157
8752,0.08112551085650921
8753,0.0793265545507893
8754,0.08115899667609483
8755,0.08164420793764293
8756,0.07958922651596367
8757,0.08328748831991106
8758,0.08422981039620936
8759,0.09411781560629606
8760,0.11291957332286984
8761,0.08812678430695087
8762,0.08582209044834599
8763,0.09427129640243948
8764,0.08203533734194934
8765,0.0845836338121444
8766,0.07874311995692551
8767,0.07797922426834702
8768,0.07806692773010582
8769,0.08745194820221514
8770,0.09293931373395026
8771,0.08663733495632187
8772,0.08838191395625472
8773,0.07770237990189344
8774,0.07473445707000792
8775,0.07481460215058178
8776,0.07992021949030459
8777,0.09047664818353951
8778,0.07930948724970222
8779,0.0995787960710004
8780,0.10621406289283186
8781,0.15347585879499093
8782,0.20660077861975878
8783,0.7842690995894372
8784,1.5951010445132852
8785,1.093217808753252
8786,0.5838598851114511
8787,0.11900567449629307
8788,0.18060058687115088
8789,0.13494106102734804
8790,0.11126652732491493
8791,0.0939347327221185
8792,0.09320837329141796
8793,0.08411780488677323
8794,0.0864493646658957
8795,0.0925836768001318
8796,0.08889987086877227
8797,0.0931071019731462
8798,0.08416059880983084
8799,0.08632628701161593
8800,0.08614894817583263
8801,0.0836152012925595
8802,0.08243532641790807
8803,0.08120870881248266
8804,0.07909867377020419
8805,0.08306145819369704
8806,0.08442864706739783
8807,0.08375194598920643
8808,0.08375292271375656
8809,0.08347924519330263
8810,0.08222396508790553
8811,0.08293458307161927
8812,0.08134921826422215
8813,0.0826682208571583
8814,0.08277595217805356
8815,0.0785716853570193
8816,0.07825369120109826
8817,0.08178362809121609
8818,0.08159747126046568
8819,0.08616621664259583
8820,0.07690998911857605
8821,0.0781289238948375
8822,0.08720984309911728
8823,0.0794489502441138
8824,0.0862281845184043
8825,0.08019870868884027
8826,0.08575167902745306
8827,0.08648388285655528
8828,0.08223994553554803
8829,0.0776578108780086
8830,0.07769576297141612
8831,0.0747972953831777
8832,0.07663096580654383
8833,0.07608643162529916
8834,0.07378950936254114
8835,0.08262765919789672
8836,0.08452074904926121
8837,0.07935172645375133
8838,0.07880215509794652
8839,0.07898092991672456
8840,0.07987759448587894
8841,0.08933773241005838
8842,0.07952411146834493
8843,0.08082704246044159
8844,0.07902458775788546
8845,0.07821385329589248
8846,0.07722040871158242
8847,0.07692868704907596
8848,0.07547955424524844
8849,0.07615927839651704
8850,0.0738728663418442
8851,0.08152469398919493
8852,0.08553447783924639
8853,0.07832534471526742
8854,0.08079533907584846
8855,0.08408305735792965
8856,0.07933319779112935
8857,0.07993534696288407
8858,0.07753517583478242
8859,0.07660830940585583
8860,0.07947368733584881
8861,0.08185856777708977
8862,0.08786491386126727
8863,0.08137970988173038
8864,0.07682621572166681
8865,0.08504190109670162
8866,0.07897923095151782
8867,0.0786055086646229
8868,0.07942661317065358
8869,0.07804693304933608
8870,0.08361636032350361
8871,0.07675174437463284
8872,0.07454958744347095
8873,0.08698055369313806
8874,0.09302379400469363
8875,0.08970831159967929
8876,0.09016208909451962
8877,0.07848695805296302
8878,0.07617127476260066
8879,0.07429523556493223
8880,0.07517881959211081
8881,0.07661699131131172
8882,0.07757147221127525
8883,0.0775806603487581
8884,0.07741063879802823
8885,0.08034278871491551
8886,0.08240773726720363
8887,0.08099138143006712
8888,0.0888049432542175
8889,0.08274309476837516
8890,0.0770225003361702
8891,0.07863408769480884
8892,0.08531018509529531
8893,0.07871057209558785
8894,0.08284162904601544
8895,0.09546624193899333
8896,0.07837034377735108
8897,0.07583912182599306
8898,0.08262669225223362
8899,0.08650790376123041
8900,0.08608658285811543
8901,0.08917870954610407
8902,0.09849374426994473
8903,0.0789879037765786
8904,0.07794009381905198
8905,0.08119906601496041
8906,0.08066332736052573
8907,0.0788559903157875
8908,0.07728783064521849
8909,0.08130988804623485
8910,0.08463009214028716
8911,0.08517891587689519
8912,0.07730320701375604
8913,0.07791486300993711
8914,0.07753129489719868
8915,0.07981243426911533
8916,0.08626964688301086
8917,0.08227743580937386
8918,0.08489450975321233
8919,0.07931843400001526
8920,0.08410784159786999
8921,0.08067208481952548
8922,0.07909271819517016
8923,0.07624480710364878
8924,0.07904665148817003
8925,0.07645900739589706
8926,0.08685003872960806
8927,0.08256207988597453
8928,0.07815843948628753
8929,0.07596464303787798
8930,0.07934501767158508
8931,0.07958191819489002
8932,0.0942205423489213
8933,0.11639114189893007
8934,0.1328567093005404
8935,0.11287706973962486
8936,0.12957023247145116
8937,0.0828645410365425
8938,0.10178495885338634
8939,0.09426450729370117
8940,0.09380805282853544
8941,0.08943567797541618
8942,0.08448201604187489
8943,0.08027226245030761
8944,0.09549261536449194
8945,0.09681496425764635
8946,0.0871900210622698
8947,0.11293023847974837
8948,0.18270715605467558
8949,0.10610513249412179
8950,0.08137868531048298
8951,0.08334383042529225
8952,0.09068860299885273
8953,0.09469275595620275
8954,0.10700593306683004
8955,0.08583822374930605
8956,0.0917845880612731
8957,0.08216881356202066
8958,0.08908013917971402
8959,0.0802566462662071
8960,0.07516743638552725
8961,0.08436646754853427
8962,0.08691760408692062
8963,0.09000572259537876
8964,0.09343779971823096
8965,0.09867711132392287
8966,0.12832181272096932
8967,0.09974305180367082
8968,0.11974527279380709
8969,0.28786051739007235
8970,0.7596177193336189
8971,0.8609831864014268
8972,0.7445587189868093
8973,0.4370680421125144
8974,0.1776463072746992
8975,0.11098866118118167
8976,0.0854848101735115
8977,0.08509128633886576
8978,0.08145522652193904
8979,0.10165080847218633
8980,0.09238917799666524
8981,0.08547645597718656
8982,0.08681536477524787
8983,0.08909188653342426
8984,0.09387716150376946
8985,0.08158743719104677
8986,0.08104294689837843
8987,0.07832281093578786
8988,0.07820445985998958
8989,0.07630157482344657
8990,0.08760232734493911
8991,0.08428998291492462
8992,0.07855868805199862
8993,0.0780613396782428
8994,0.07956207322422415
8995,0.07968311908189207
8996,0.0822010327829048
8997,0.08599890116602182
8998,0.07606509851757437
8999,0.0788126087281853
9000,0.07933471817523241
9001,0.07545529369963333
9002,0.07862899813335389
9003,0.07493499189149588
9004,0.08123769366648048
9005,0.08147184312110767
9006,0.08496174146421254
9007,0.08125615364406258
9008,0.07787282241042703
9009,0.07423853222280741
9010,0.07451608323026448
9011,0.07681286940351129
9012,0.07472746178973466
9013,0.07124711945652962
9014,0.07986258633900434
9015,0.07532576192170382
9016,0.07612576987594366
9017,0.08250503323506564
9018,0.08120955829508603
9019,0.0866072541102767
9020,0.07623682334087789
9021,0.07431959942914546
9022,0.07710911170579493
9023,0.07405140460468829
9024,0.07381013326812536
9025,0.07867734739556909
9026,0.07811634487006813
9027,0.07949262741021812
9028,0.08013651985675097
9029,0.07579496433027089
9030,0.07570008095353842
9031,0.0726534326095134
9032,0.0729265819536522
9033,0.07783271907828748
9034,0.07241377187892795
9035,0.08038054511416703
9036,0.07246425072662532
9037,0.08422252372838557
9038,0.07943076966330409
9039,0.07713981287088245
9040,0.07542672334238887
9041,0.07238473312463611
9042,0.08480322494870052
9043,0.09608919959282503
9044,0.0850352386769373
9045,0.08892593975178897
9046,0.08097741974052042
9047,0.07646516466047615
9048,0.07628424989525229
9049,0.07577324763406068
9050,0.07371408864855766
9051,0.0775199313648045
9052,0.07799721555784345
9053,0.07509190402925014
9054,0.07329057634342462
9055,0.07269758055917919
9056,0.07560645276680589
9057,0.07608038373291492
9058,0.07349568989593536
9059,0.07939323975006118
9060,0.07518817024538293
9061,0.07877089886460453
9062,0.08738622744567692
9063,0.08895098103675991
9064,0.08173782262019813
9065,0.07700135291088372
9066,0.07247241016011685
9067,0.07615913124755025
9068,0.07356337714008987
9069,0.08004988159518689
9070,0.08505161246284842
9071,0.08611109026242048
9072,0.07794252270832658
9073,0.07669620751403272
9074,0.07734976953361183
9075,0.07569129322655499
9076,0.07993462181184441
9077,0.0812148378463462
9078,0.0814702397910878
9079,0.08598881016951054
9080,0.08981758251320571
9081,0.08591473032720387
9082,0.08704199991188943
9083,0.08644612552598119
9084,0.08348945318721235
9085,0.08034365111961961
9086,0.07567971257958561
9087,0.08301397890318185
9088,0.08007754723075777
9089,0.09300704317865893
9090,0.08192834153305739
9091,0.09010787575971335
9092,0.08223057456780225
9093,0.08500823669601232
9094,0.07933371129911393
9095,0.07615519978571683
9096,0.07487366464920342
9097,0.07725673844106495
9098,0.0741921910084784
9099,0.07522808911744505
9100,0.08479660702869296
9101,0.08867001626640558
9102,0.0791438885498792
9103,0.08104394434485584
9104,0.08169030980207026
9105,0.08083302970044315
9106,0.07894375594332814
9107,0.0829345490783453
9108,0.08265419880626723
9109,0.0835604127496481
9110,0.07366234692744911
9111,0.07444819423835725
9112,0.07998007093556225
9113,0.08076380915008485
9114,0.07797367160674185
9115,0.07405466691125184
9116,0.07724852720275521
9117,0.0800972452852875
9118,0.07424256857484579
9119,0.07447051291819662
9120,0.07366097683552653
9121,0.07628927193582058
9122,0.07428229716606438
9123,0.07345802849158645
9124,0.07254348765127361
9125,0.0799279345665127
9126,0.08673939888831228
9127,0.07647280674427748
9128,0.08563834393862635
9129,0.09557770669925958
9130,0.09319404733832926
9131,0.13783783558756113
9132,1.1223042588680983
9133,1.2376366627868265
9134,0.7206693617627025
9135,0.7092761215753853
9136,1.242736111395061
9137,0.3017149190418422
9138,0.2383574185660109
9139,0.2275537436362356
9140,0.15391974593512714
9141,0.09796602686401457
9142,0.10255337064154446
9143,0.09077304962556809
9144,0.09107407194096595
9145,0.08946133498102427
9146,0.09010424872394651
9147,0.09402888407930732
9148,0.09126996831037104
9149,0.08647043816745281
9150,0.08332421351224184
9151,0.0932605229318142
9152,0.08879111462738365
9153,0.08320823137182742
9154,0.08539420744637027
9155,0.09214715717826039
9156,0.08402292884420604
9157,0.09029105515219271
9158,0.08253464009612799
9159,0.081847766879946
9160,0.08354526828043163
9161,0.08528420981019735
9162,0.0868650353513658
9163,0.09134867799002677
9164,0.082914361031726
9165,0.08666043530683964
9166,0.0849567148834467
9167,0.08291767595801502
9168,0.08118798746727407
9169,0.08710897923447192
9170,0.08821806614287198
9171,0.08121332922019064
9172,0.09172912093345076
9173,0.08572234387975186
9174,0.08727419574279338
9175,0.08437864272855222
9176,0.08249639929272234
9177,0.08897967054508626
9178,0.0803202879615128
9179,0.09691348031628877
9180,0.08781873248517513
9181,0.09212107071653008
9182,0.08684917353093624
9183,0.08654885971918702
9184,0.08867745869792998
9185,0.11261302069760859
9186,0.11100370495114475
9187,0.0967342141084373
9188,0.09875918971374631
9189,0.09237458277493715
9190,0.0905671485234052
9191,0.0962714027846232
9192,0.09241362777538598
9193,0.0856241004075855
9194,0.10338094108738005
9195,0.09847487544175237
9196,0.09244636935181916
9197,0.08882827498018742
9198,0.08349607943091542
9199,0.08752750209532678
9200,0.083431928884238
9201,0.08686252834741026
9202,0.09023543819785118
9203,0.07921570655889809
9204,0.08386246324516833
9205,0.08757231314666569
9206,0.09497838281095028
9207,0.08763070276472718
9208,0.09881421143654734
9209,0.09103839844465256
9210,0.08124698232859373
9211,0.08231479243841022
9212,0.09792500687763095
9213,0.09592998097650707
9214,0.09418604779057205
9215,0.09085311368107796
9216,0.08341422071680427
9217,0.09008090919815004
9218,0.09824041172396392
9219,0.08280675299465656
9220,0.11280791577883065
9221,0.08548749680630863
9222,0.09509705821983516
9223,0.09476216277107596
9224,0.08188613317906857
9225,0.0795155200175941
9226,0.09838569036219269
9227,0.08575853845104575
9228,0.09630137449130416
9229,0.09926883433945477
9230,0.0916829186026007
9231,0.08301508636213839
9232,0.08302194846328348
9233,0.08420443953946233
9234,0.07787802000530064
9235,0.08585488022072241
9236,0.08137174462899566
9237,0.08426545455586165
9238,0.0806962497299537
9239,0.09410240827128291
9240,0.07868912728736177
9241,0.07830464874859899
9242,0.08178252493962646
9243,0.08299217734020203
9244,0.08297620224766433
9245,0.08725815906655043
9246,0.1455591698468197
9247,0.13760941452346742
9248,0.10074794059619308
9249,0.09631683817133307
9250,0.10318580223247409
9251,0.08401135797612369
9252,0.09241558506619185
9253,0.0893729729577899
9254,0.09794830321334302
9255,0.0953750659537036
9256,0.08248946815729141
9257,0.08726187376305461
9258,0.0830817820969969
9259,0.08772102394141257
9260,0.08866322960238904
9261,0.08416075259447098
9262,0.10076999280136079
9263,0.101109204813838
9264,0.07772261323407292
9265,0.07440207060426474
9266,0.08287907834164798
9267,0.07945496996399015
9268,0.08713330770842731
9269,0.08453005249612033
9270,0.08994365204125643
9271,0.07901097554713488
9272,0.08152466476894915
9273,0.08206438703928143
9274,0.08466213708743453
9275,0.08414432569406927
9276,0.09347138006705791
9277,0.09930100315250456
9278,0.11808050610125065
9279,0.0975116363260895
9280,0.09740539453923702
9281,0.09245089092291892
9282,0.09177338192239404
9283,0.08761494187638164
9284,0.08699130592867732
9285,0.08543803915381432
9286,0.08284800965338945
9287,0.10983639885671437
9288,0.09651398519054055
9289,0.09154014399973676
9290,0.08127521420828998
9291,0.08675175753887743
9292,0.09555040579289198
9293,0.10060751473065466
9294,0.09602947207167745
9295,0.09686154325027019
9296,0.09668799815699458
9297,0.08839018119033426
9298,0.0924765674280934
9299,0.09880459331907332
9300,0.08920987311284989
9301,0.08421674277633429
9302,0.07883461378514767
9303,0.07911152136512101
9304,0.080320009496063
9305,0.08582038374152035
9306,0.08516747131943703
9307,0.09175198851153255
9308,0.09623171738348901
9309,0.08571451157331467
9310,0.0861384185263887
9311,0.11550423561129719
9312,0.11441185290459543
9313,0.11452024022582918
9314,0.10906349075958133
9315,0.09140479587949812
9316,0.08702402887865901
9317,0.1388190878496971
9318,0.2797186579555273
9319,0.1454458935186267
9320,0.11701209074817598
9321,0.09652958763763309
9322,0.08919552795123309
9323,0.08477223408408463
9324,0.08550472988281399
9325,0.10708291758783162
9326,0.10847567790187895
9327,0.08525703148916364
9328,0.08341756951995194
9329,0.08291900914628059
9330,0.07975786784663796
9331,0.07770357909612358
9332,0.07951930747367442
9333,0.07697539951186627
9334,0.07671602920163423
9335,0.07676887011621147
9336,0.08226053393445909
9337,0.08693604660220444
9338,0.08989160601049662
9339,0.08936370559968054
9340,0.10688707581721246
9341,0.08375307871028781
9342,0.0856042952509597
9343,0.08665606682188809
9344,0.0893700848100707
9345,0.08990425383672118
9346,0.07901834230870008
9347,0.08268764731474221
9348,0.08049806242343038
9349,0.0797629018779844
9350,0.08160436199977994
9351,0.07821067539043725
9352,0.08280036167707294
9353,0.08941793208941817
9354,0.09950944571755826
9355,0.09583362028934062
9356,0.09521005558781326
9357,0.08094545744825155
9358,0.07745650969445705
9359,0.086672751349397
9360,0.08325224928557873
9361,0.09643355337902904
9362,0.08483016188256443
9363,0.0794276223750785
9364,0.08175840979674831
9365,0.08239671040792018
9366,0.08217194210737944
9367,0.10516136116348207
9368,0.1342915237764828
9369,0.13181403989437968
9370,0.11990306805819273
9371,0.09311101719504222
9372,0.08396882400847971
9373,0.08156217902433127
9374,0.08184048428665847
9375,0.09659310895949602
9376,0.09602290776092559
9377,0.08199815079569817
9378,0.08414791303221136
9379,0.08806477207690477
9380,0.09015240496955812
9381,0.10853393492288888
9382,0.09833964868448675
9383,0.1000574049539864
9384,0.0928557247389108
9385,0.09670951869338751
9386,0.1184198996052146
9387,0.09709942771587521
9388,0.10069906793069094
9389,0.0855340410489589
9390,0.08296530600637197
9391,0.08394535921979696
9392,0.08883421937935054
9393,0.09368838788941503
9394,0.094209787202999
9395,0.0873877868289128
9396,0.07977000693790615
9397,0.08436689688824117
9398,0.08311957691330463
9399,0.09136176644824445
9400,0.09270102088339627
9401,0.11008678952930495
9402,0.09290639637038112
9403,0.12040385161526501
9404,0.3143938556968351
9405,2.69920648727566
9406,2.5009445678442717
9407,0.3904163669794798
9408,0.14176521287299693
9409,0.12011571042239666
9410,0.09555790503509343
9411,0.09679742250591516
9412,0.09587937465403229
9413,0.0894302575616166
9414,0.09331582300364971
9415,0.09566986514255404
9416,0.08786600735038519
9417,0.0880752035882324
9418,0.08182859676890075
9419,0.0874854427529499
9420,0.08680807647760957
9421,0.0836726319976151
9422,0.08020229986868799
9423,0.08143489086069167
9424,0.08429600717499852
9425,0.08271342958323658
9426,0.0825822742190212
9427,0.08098800433799624
9428,0.07901772204786539
9429,0.10153961181640625
9430,0.09300566767342389
9431,0.08860359294340014
9432,0.09366736025549471
9433,0.08341042464599013
9434,0.08275075489655137
9435,0.07800796604715288
9436,0.0811080182902515
9437,0.08209085557609797
9438,0.0790955787524581
9439,0.07772143720649183
9440,0.09048829786479473
9441,0.07840108661912382
9442,0.07872594147920609
9443,0.07822036277502775
9444,0.07989706168882549
9445,0.07638400187715888
9446,0.07734766392968595
9447,0.07820997282397002
9448,0.07967705000191927
9449,0.07724400795996189
9450,0.0780565245077014
9451,0.07671665283851326
9452,0.09021401155041531
9453,0.09184013120830059
9454,0.07734965987037867
9455,0.07629473111592233
9456,0.07657675968948752
9457,0.08106095297262073
9458,0.09329031978268176
9459,0.08695932233240455
9460,0.09774074610322714
9461,0.09569382574409246
9462,0.08351663034409285
9463,0.07880632684100419
9464,0.08575851959176362
9465,0.07898452912922949
9466,0.07957594224717468
9467,0.07476639049127698
9468,0.07507075858302414
9469,0.0770493142772466
9470,0.08082845492754132
9471,0.07871288992464542
9472,0.07766358030494303
9473,0.07526886824052781
9474,0.07653440465219319
9475,0.07604782597627491
9476,0.07891286886297166
9477,0.08374937402550131
9478,0.07841010892298073
9479,0.07677579135634005
9480,0.07717828021850437
9481,0.07613629917614162
9482,0.07313134626019746
9483,0.07667362596839666
9484,0.07050694478675723
9485,0.08320331072900444
9486,0.0759109677746892
9487,0.07330427505075932
9488,0.07513708830811083
9489,0.07606586284236982
9490,0.08152025192975998
9491,0.0874027160461992
9492,0.08031898131594062
9493,0.08158021722920239
9494,0.1000892681768164
9495,0.1024743317393586
9496,0.09687592159025371
9497,0.0834951011929661
9498,0.09283756767399609
9499,0.08034038078039885
9500,0.0832131978822872
9501,0.08458579750731587
9502,0.07605678972322494
9503,0.08805795793887228
9504,0.11926994891837239
9505,0.08420532592572272
9506,0.0880239144898951
9507,0.09821310569532216
9508,0.09076947986613959
9509,0.08182258787564933
9510,0.08733176079113036
9511,0.0794626078568399
9512,0.08596671931445599
9513,0.08155452070059255
9514,0.07853807485662401
9515,0.09063453145790845
9516,0.08887836476787925
9517,0.07820390537381172
9518,0.0750542504247278
9519,0.09009016247000545
9520,0.10015039064455777
9521,0.0800644262926653
9522,0.0832080696709454
9523,0.08534162922296673
9524,0.08471915079280734
9525,0.08855092548765242
9526,0.08706367656122893
9527,0.07573828450404108
9528,0.07447643869090825
9529,0.0764023878145963
9530,0.07385196955874562
9531,0.0758654223755002
9532,0.07554936851374805
9533,0.07453186088241637
9534,0.08916003839112818
9535,0.10359875560970977
9536,1.0934452037326992
9537,1.531228344887495
9538,1.0498244566842914
9539,0.1943842596374452
9540,0.17769054311793298
9541,0.1866603393573314
9542,0.1020362782292068
9543,0.09894266037736088
9544,0.09625724027864635
9545,0.09021753282286227
9546,0.08893967582844198
9547,0.08987793728010729
9548,0.08450339478440583
9549,0.08698922372423112
9550,0.09111728053539991
9551,0.08795471745543182
9552,0.08600008173380047
9553,0.08485228614881635
9554,0.08478617639048025
9555,0.08236546581611037
9556,0.08269868686329573
9557,0.08300864300690591
9558,0.08431439264677465
9559,0.08215346420183778
9560,0.08517461409792304
9561,0.08287833898793906
9562,0.08497740002349019
9563,0.08278189157135785
9564,0.07950353133492172
9565,0.08206460543442518
9566,0.08667592238634825
9567,0.08169834897853434
9568,0.079717697808519
9569,0.08240661188028753
9570,0.08327515237033367
9571,0.08029251103289425
9572,0.07560766488313675
9573,0.08197825285606086
9574,0.0772489788942039
9575,0.07827544584870338
9576,0.07826054492034018
9577,0.07704959623515606
9578,0.08123458782210946
9579,0.07862573629245162
9580,0.07830091053619981
9581,0.08564899419434369
9582,0.07847244455479085
9583,0.08068607561290264
9584,0.07740041264332831
9585,0.08185897662770003
9586,0.07871906727086753
9587,0.07665060460567474
9588,0.07560022128745914
9589,0.07464086590334773
9590,0.07667470665182918
9591,0.07603626034688205
9592,0.07573487190529704
9593,0.08588981628417969
9594,0.07713861670345068
9595,0.0800048029050231
9596,0.08907527779228985
9597,0.08050478133372962
9598,0.08026445214636624
9599,0.09266147972084582
9600,0.08542260539252311
9601,0.08552564680576324
9602,0.07723478676052764
9603,0.08649089350365102
9604,0.07947043131571263
9605,0.07497639930807054
9606,0.07586498628370464
9607,0.07253677537664771
9608,0.07558748591691256
9609,0.07671423139981925
9610,0.07905075745657086
9611,0.07653664611279964
9612,0.07455392694100738
9613,0.08008173108100891
9614,0.07898466463666409
9615,0.09052169229835272
9616,0.07560515590012074
9617,0.09069473727140576
9618,0.08129463391378522
9619,0.07428362593054771
9620,0.07545458729146048
9621,0.07849324448034167
9622,0.08518683316651732
9623,0.09477180521935225
9624,0.0851266470272094
9625,0.08179992553777993
9626,0.08112588431686163
9627,0.07909354381263256
9628,0.07769173325505108
9629,0.07921957620419562
9630,0.07863771822303534
9631,0.07834583194926381
9632,0.07677785598207265
9633,0.07537086983211339
9634,0.08057791914325207
9635,0.07539246254600585
9636,0.08509380766190588
9637,0.10116602387279272
9638,0.08368397713638842
9639,0.07511804951354861
9640,0.07319861452560872
9641,0.08044353919103742
9642,0.0850904998369515
9643,0.07585204660426825
9644,0.07789432629942894
9645,0.08235229225829244
9646,0.08037606859579682
9647,0.0864214044995606
9648,0.07703629648312926
9649,0.081884860759601
9650,0.08594601298682392
9651,0.0761015119496733
9652,0.07633890025317669
9653,0.07963717984966934
9654,0.07492590160109103
9655,0.08968382608145475
9656,0.10893986281007528
9657,0.08443608391098678
9658,0.08592035039328039
9659,0.08026300510391593
9660,0.07992124161683023
9661,0.08525579888373613
9662,0.07925657089799643
9663,0.08548253576736897
9664,0.08323136426042765
9665,0.07880637515336275
9666,0.07545908377505839
9667,0.07981346780434251
9668,0.07376452186144888
9669,0.07831665116827935
9670,0.09341782488627359
9671,0.1099352459423244
9672,0.09343874268233776
9673,0.08634396991692483
9674,0.07774593832436949
9675,0.08027142530772835
9676,0.08759859018027782
9677,0.0937372037442401
9678,0.1137931973207742
9679,0.08997827128041536
9680,0.10141124064102769
9681,0.10377160459756851
9682,0.10656474385177717
9683,0.08521101390942931
9684,0.09345338062848896
9685,0.08352957258466631
9686,0.09017469664104283
9687,0.08251027425285429
9688,0.07481748098507524
9689,0.08191137760877609
9690,0.07836961874272674
9691,0.0800947891548276
9692,0.07813876785803586
9693,0.07710050232708454
9694,0.07728746917564422
9695,0.07922974298708141
9696,0.07746568834409118
9697,0.07521141495089978
9698,0.08599052717909217
9699,0.07596237794496119
9700,0.07379852258600295
9701,0.09526905126404017
9702,0.08137593767605722
9703,0.07810031459666789
9704,0.08601190871559083
9705,0.08048582344781607
9706,0.08875496056862175
9707,0.09181394497863948
9708,0.08835673902649432
9709,0.09917387831956148
9710,0.08443232835270464
9711,0.07889836514368653
9712,0.0760122035862878
9713,0.0773862738860771
9714,0.07665492268279195
9715,0.07852226414252073
9716,0.08147597371134907
9717,0.07915163517463952
9718,0.09953892405610532
9719,0.09037917584646493
9720,0.09685894288122654
9721,0.07529288646765053
9722,0.08076617459300905
9723,0.07577462040353566
9724,0.07819277700036764
9725,0.08101963507942855
9726,0.07858711155131459
9727,0.09308371809311211
9728,0.08024580706842244
9729,0.07359598088078201
9730,0.07991795346606523
9731,0.0985420944634825
9732,0.15608484961558133
9733,0.23669865797273815
9734,0.8869625492952764
9735,1.000514805316925
9736,1.5572460507974029
9737,0.8190108723938465
9738,1.2570754340849817
9739,0.5017253293190151
9740,0.17845179908908904
9741,0.0943960992153734
9742,0.09199371887370944
9743,0.08756796014495194
9744,0.09632669948041439
9745,0.09958622371777892
9746,0.0954994447529316
9747,0.0856833434663713
9748,0.09805353358387947
9749,0.0904496154980734
9750,0.08659403049387038
9751,0.08868366479873657
9752,0.08511940063908696
9753,0.08593845460563898
9754,0.08388361521065235
9755,0.08777399500831962
9756,0.10039235779549927
9757,0.08860215824097395
9758,0.1045074932044372
9759,0.08567507902625948
9760,0.0932818577857688
9761,0.08218208188191056
9762,0.0999612829182297
9763,0.08622398227453232
9764,0.10004145139828324
9765,0.08415968902409077
9766,0.08834866737015545
9767,0.08685234340373427
9768,0.09206278552301228
9769,0.0870608005207032
9770,0.08228455041535199
9771,0.08255939546506852
9772,0.08352373901288956
9773,0.09251250652596354
9774,0.08311085077002645
9775,0.08585950243286788
9776,0.08114493754692376
9777,0.07867155992425978
9778,0.08128533815033734
9779,0.07687301049008965
9780,0.07672988623380661
9781,0.07912379456683993
9782,0.08312716434011236
9783,0.07868102355860174
9784,0.08564524492248893
9785,0.08074787969235331
9786,0.08342863549478352
9787,0.07905947556719184
9788,0.07609013235196471
9789,0.07864937046542764
9790,0.07976071676239371
9791,0.0811507124453783
9792,0.0820771015714854
9793,0.07590474863536656
9794,0.0794746873434633
9795,0.0768768330453895
9796,0.09154078573919833
9797,0.08131095371209085
9798,0.08522280503530055
9799,0.07758757355622947
9800,0.07976859307382256
9801,0.0807272078236565
9802,0.0890728032682091
9803,0.11895952303893864
9804,0.11134720512200147
9805,0.11877599940635264
9806,0.08730477723293006
9807,0.08247138233855367
9808,0.08675011119339615
9809,0.08715214137919247
9810,0.07870112522505224
9811,0.09709298174129799
9812,0.08621734206099063
9813,0.08487540890928358
9814,0.08868986670859158
9815,0.09010383073473349
9816,0.0897475506644696
9817,0.08313887845724821
9818,0.07750746060628444
9819,0.07635765429586172
9820,0.08371428423561156
9821,0.0836662258952856
9822,0.07869600423146039
9823,0.0814047931926325
9824,0.0807539023226127
9825,0.07675066380761564
9826,0.07735980174038559
9827,0.08188423910178244
9828,0.08383281668648124
9829,0.07750362402293831
9830,0.07299496850464493
9831,0.08160592545755208
9832,0.0755082358373329
9833,0.07616281812079251
9834,0.08356872969307005
9835,0.07775543513707817
9836,0.0801706777419895
9837,0.08519668050576001
9838,0.08198896190151572
9839,0.07905327854678035
9840,0.07886427454650402
9841,0.08499625604599714
9842,0.0791115901665762
9843,0.07401348860003054
9844,0.08520756103098392
9845,0.0868733940878883
9846,0.09888817765749991
9847,0.07775704725645483
9848,0.07420954620465636
9849,0.08350648230407387
9850,0.0899716189596802
9851,0.07905637845396996
9852,0.07502332353033125
9853,0.07817637617699802
9854,0.0784032316878438
9855,0.08481882966589183
9856,0.07878347160294652
9857,0.0945511992322281
9858,0.08422146912198514
9859,0.10160760767757893
9860,0.09625371813308448
9861,0.10241676168516278
9862,0.082801747135818
9863,0.08490229304879904
9864,0.0791209798771888
9865,0.08022180036641657
9866,0.07816595723852515
9867,0.07602571928873658
9868,0.08490255119977519
9869,0.0815851278603077
9870,0.08091588504612446
9871,0.07998507015872747
9872,0.07690761238336563
9873,0.08054851926863194
9874,0.09285442705731839
9875,0.08989839279092848
9876,0.08227324014296755
9877,0.08028731192462146
9878,0.0861765812151134
9879,0.10950033506378531
9880,0.09530818776693195
9881,0.07674296968616545
9882,0.07459266413934529
9883,0.08238545968197286
9884,0.08178623346611857
9885,0.0775927621871233
9886,0.07917970139533281
9887,0.07900967332534492
9888,0.08271778607740998
9889,0.075402173679322
9890,0.07829180313274264
9891,0.08021667145658284
9892,0.08024571370333433
9893,0.07637419854290783
9894,0.07675782754085958
9895,0.09092568256892264
9896,0.08646065182983875
9897,0.13367377524264157
9898,0.12459257594309747
9899,0.12322104722261429
9900,0.10105715424288064
9901,0.08649828704074025
9902,0.08306838758289814
9903,0.0839640311896801
9904,0.08270793914562091
9905,0.08515521907247603
9906,0.07471113337669522
9907,0.07960205210838467
9908,0.07850372698158026
9909,0.07744264998473227
9910,0.07707513403147459
9911,0.08201704104430974
9912,0.07537992601282895
9913,0.07571613998152316
9914,0.0771007570438087
9915,0.07884586835280061
9916,0.0789564240258187
9917,0.08463433524593711
9918,0.0770554777700454
9919,0.08405352861154824
9920,0.08107051358092576
9921,0.09035544050857425
9922,0.07650193374138325
9923,0.08221333962865174
9924,0.07761633396148682
9925,0.07963073090650141
9926,0.09661461552605033
9927,0.08427313528954983
9928,0.0827480130828917
9929,0.0774042967823334
9930,0.07824547670315951
9931,0.0887393431039527
9932,0.10009506624192
9933,0.09443495387677103
9934,0.08863750624004751
9935,0.09197019319981337
9936,0.10390337044373155
9937,0.09350334713235497
9938,0.08471065189223737
9939,0.08014619117602706
9940,0.0969274458475411
9941,0.10579942620825022
9942,0.08846502559026703
9943,0.08674885076470673
9944,0.08833407121710479
9945,0.07874426315538585
9946,0.07640717399772257
9947,0.07849237532354891
9948,0.08676387695595622
9949,0.1284675681963563
9950,0.08646797732217237
9951,0.08971346146427095
9952,0.5279610771685839
9953,1.0872166818007827
9954,0.33922637440264225
9955,0.16738704429008067
9956,0.10351293813437223
9957,0.09905093465931714
9958,0.09091732697561383
9959,0.10884568491019309
9960,0.0902723646722734
9961,0.09195873193675652
9962,0.08550013531930745
9963,0.08482058509252965
9964,0.08444923290517181
9965,0.08215156837832183
9966,0.08044561150018126
9967,0.08952447376213968
9968,0.08652567898388952
9969,0.10456946783233434
9970,0.08713135356083512
9971,0.08909083204343915
9972,0.08119469485245645
9973,0.0812730435281992
9974,0.08649942104239017
9975,0.1020283242687583
9976,0.08627807255834341
9977,0.09879245213232934
9978,0.09329692623578012
9979,0.08254150219727308
9980,0.08018746820744127
9981,0.07982170605100691
9982,0.08522255800198764
9983,0.08305870718322694
9984,0.09003105538431555
9985,0.09041074442211539
9986,0.09014127892442048
9987,0.09214810444973409
9988,0.0860280238557607
9989,0.08653129148297012
9990,0.08877941383980215
9991,0.08814292820170522
9992,0.07885485555743799
9993,0.08364768815226853
9994,0.07656901667360216
9995,0.07760050299111754
9996,0.08766020310577005
9997,0.08035312802530825
9998,0.07486908079590648
9999,0.08184068894479424
10000,0.10189497790997848
